69
10000 9983 9957 9742 9957 9957 9957 9957 9810 9957 9983 9978 9986 9981 9957 9980 9987 9984 9740 9941 9751 9978 9983 9980 9811 9991 9803 9987 9746 9740 9983 9957 9983 9957 9978 9986 9978 9987 9984 9957 9957 9974 9974 9882 9957 9786 9974 9957 9957 9957 9963 9963 9981 9984 9957 9825 9990 9983 9935 9988 9950 9974 9845 9986 9926 9895 9740 9957 10000 
9983 10000 9987 9983 9989 9981 9589 9987 9983 9977 9693 9987 9987 9991 9989 9987 9987 9987 9983 9983 9983 9987 9981 9977 9983 9982 9987 9984 9983 9983 9651 9948 9750 9981 9987 9984 9797 9984 9987 9987 9988 9987 9876 9987 9991 9983 9938 9987 9988 9981 9987 9982 9982 9984 9991 9983 9982 9981 9987 9812 9987 9970 9970 9970 9983 9983 9983 9989 10000 
9957 9987 10000 9962 9736 9808 9987 9946 9961 9716 9885 9961 9987 9978 9678 9886 9988 9987 9952 9973 9980 9985 9791 9862 9987 9987 9848 9951 9745 9857 9984 9766 9971 9678 9985 9990 9987 9988 9987 9705 9704 9857 9857 9745 9815 9961 9886 9679 9722 9693 9857 9991 9978 9987 9928 9942 9991 9783 9745 9971 9745 9857 9981 9703 9919 9981 9848 9793 10000 
9742 9983 9962 10000 9981 9958 9983 9987 9672 9962 9983 9978 9986 9981 9962 9980 9980 9984 9664 9863 9745 9978 9884 9981 9720 9983 9805 9987 9748 9742 9983 9962 9983 9981 9978 9986 9978 9987 9984 9962 9962 9974 9988 9884 9962 9648 9988 9962 9962 9943 9963 9963 9981 9984 9962 9687 9990 9983 9937 9988 9952 9986 9717 9986 9788 9757 9658 9962 10000 
9957 9989 9736 9981 10000 9934 9990 9878 9961 9982 9971 9985 9987 9987 9934 9818 9988 9987 9981 9981 9980 9985 9934 9794 9981 9991 9990 9883 9981 9981 9988 9990 9971 9934 9985 9988 9981 9988 9987 9971 9960 9960 9971 9981 9988 9961 9971 9945 9978 9934 9979 9991 9991 9987 9992 9942 9991 9934 9981 9971 9981 9971 9981 9880 9934 9981 9981 9987 10000 
9957 9981 9808 9958 9934 10000 9989 9987 9833 9858 9887 9987 9991 9988 9785 9987 9988 9991 9981 9983 9983 9987 9681 9976 9983 9976 9976 9987 9876 9876 9987 9906 9981 9704 9939 9939 9980 9988 9991 9844 9835 9876 9876 9876 9943 9830 9941 9816 9847 9681 9876 9890 9976 9976 9976 9813 9991 9734 9876 9989 9876 9876 9968 9808 9792 9874 9981 9933 10000 
9957 9589 9987 9983 9990 9989 10000 9987 9983 9977 9711 9987 9987 9991 9989 9987 9987 9987 9983 9983 9983 9987 9981 9977 9983 9982 9987 9984 9983 9983 9662 9959 9768 9981 9987 9984 9808 9984 9987 9987 9988 9987 9894 9987 9991 9983 9956 9987 9988 9981 9987 9982 9982 9984 9991 9983 9982 9981 9987 9830 9987 9987 9983 9988 9983 9983 9983 9977 10000 
9957 9987 9946 9987 9878 9987 9987 10000 9987 9988 9987 9988 9851 9981 9981 9589 9714 9932 9987 9981 9987 9988 9987 9720 9987 9991 9987 9594 9987 9987 9987 9988 9972 9981 9988 9819 9990 9823 9992 9988 9981 9987 9971 9987 9981 9987 9971 9988 9981 9987 9971 9991 9981 9865 9913 9987 9991 9987 9987 9971 9975 9971 9987 9988 9987 9987 9987 9988 10000 
9810 9983 9961 9672 9961 9833 9983 9987 10000 9979 9983 9986 9984 9978 9937 9980 9987 9987 9731 9983 9804 9986 9760 9951 9719 9951 9873 9987 9816 9809 9983 9979 9983 9856 9939 9939 9989 9987 9984 9979 9977 9987 9988 9951 9991 9547 9915 9979 9977 9819 9876 9876 9962 9962 9962 9563 9895 9886 9895 9933 9936 9936 9717 9936 9562 9674 9726 9979 10000 
9957 9977 9716 9962 9982 9858 9977 9988 9979 10000 9958 9776 9967 9978 9724 9988 9989 9967 9952 9945 9968 9801 9837 9988 9979 9990 9848 9988 9745 9956 9987 9702 9970 9724 9804 9973 9973 9967 9967 9530 9724 9894 9857 9745 9815 9979 9886 9530 9724 9739 9947 9947 9947 9947 9947 9948 9948 9829 9745 9948 9745 9857 9948 9804 9948 9948 9848 9703 10000 
9983 9693 9885 9983 9971 9887 9711 9987 9983 9958 10000 9977 9984 9987 9989 9971 9990 9984 9983 9988 9983 9977 9981 9971 9983 9982 9987 9990 9983 9983 9793 9977 9693 9981 9987 9990 9939 9990 9984 9970 9987 9987 9819 9987 9991 9983 9884 9970 9987 9981 9961 9981 9982 9984 9987 9983 9982 9981 9987 9755 9987 9912 9983 9970 9983 9983 9983 9977 10000 
9978 9987 9961 9978 9985 9987 9987 9988 9986 9776 9977 10000 9967 9967 9978 9988 9992 9967 9978 9739 9978 9531 9893 9893 9893 9893 9893 9988 9986 9971 9981 9897 9977 9978 9540 9986 9761 9848 9848 9736 9981 9971 9971 9971 9978 9978 9981 9733 9978 9987 9988 9991 9978 9967 9978 9978 9991 9987 9971 9969 9971 9988 9986 9973 9986 9986 9978 9871 10000 
9986 9987 9987 9986 9987 9991 9987 9851 9984 9967 9984 9967 10000 9987 9987 9803 9849 9645 9984 9989 9984 9967 9981 9981 9984 9981 9981 9711 9984 9984 9987 9981 9971 9987 9967 9739 9984 9641 9750 9967 9967 9967 9970 9984 9987 9984 9970 9967 9987 9986 9970 9991 9987 9613 9913 9984 9984 9991 9988 9970 9975 9970 9984 9991 9987 9984 9984 9981 10000 
9981 9991 9978 9981 9987 9988 9991 9981 9978 9978 9987 9967 9987 10000 9782 9981 9981 9982 9981 9986 9981 9975 9975 9975 9975 9972 9981 9981 9981 9981 9991 9978 9981 9876 9975 9987 9991 9987 9992 9978 9890 9992 9992 9981 9740 9981 9981 9978 9816 9979 9992 9986 9748 9982 9740 9991 9845 9939 9980 9989 9991 9988 9988 9988 9988 9988 9981 9978 10000 
9957 9989 9678 9962 9934 9785 9989 9981 9937 9724 9989 9978 9987 9782 10000 9981 9981 9991 9949 9983 9981 9975 9765 9975 9983 9975 9949 9981 9758 9835 9987 9776 9981 9561 9975 9987 9987 9987 9991 9714 9625 9835 9835 9758 9625 9934 9941 9686 9563 9664 9876 9989 9790 9991 9740 9917 9887 9755 9758 9989 9758 9876 9983 9757 9896 9978 9949 9803 10000 
9980 9987 9886 9980 9818 9987 9987 9589 9980 9988 9971 9988 9803 9981 9981 10000 9710 9884 9980 9989 9980 9988 9987 9660 9980 9991 9987 9546 9980 9980 9987 9988 9971 9981 9988 9771 9990 9775 9989 9988 9981 9981 9971 9981 9981 9980 9971 9988 9981 9987 9979 9991 9981 9817 9913 9987 9991 9987 9981 9970 9981 9971 9971 9971 9987 9980 9980 9988 10000 
9987 9987 9988 9980 9988 9988 9987 9714 9987 9989 9990 9992 9849 9981 9981 9710 10000 9929 9987 9990 9986 9989 9988 9845 9917 9917 9945 9711 9987 9987 9987 9989 9970 9981 9988 9817 9990 9821 9986 9989 9981 9990 9970 9987 9981 9987 9970 9989 9981 9988 9970 9988 9981 9862 9981 9987 9986 9988 9987 9970 9990 9970 9987 9986 9987 9987 9987 9989 10000 
9984 9987 9987 9984 9987 9991 9987 9932 9987 9967 9984 9967 9645 9982 9991 9884 9929 10000 9984 9989 9984 9967 9985 9981 9984 9988 9988 9792 9973 9973 9973 9973 9970 9974 9967 9818 9984 9720 9749 9967 9991 9991 9970 9991 9982 9984 9970 9967 9991 9991 9970 9991 9982 9679 9982 9984 9991 9981 9981 9970 9975 9970 9987 9981 9987 9987 9987 9981 10000 
9740 9983 9952 9664 9981 9981 9983 9987 9731 9952 9983 9978 9984 9981 9949 9980 9987 9984 10000 9893 9746 9962 9944 9951 9732 9951 9744 9987 9687 9738 9983 9952 9983 9949 9976 9976 9962 9987 9984 9952 9949 9963 9946 9822 9949 9708 9892 9952 9949 9949 9988 9991 9981 9984 9957 9747 9895 9895 9876 9933 9890 9936 9766 9936 9746 9817 9602 9893 10000 
9941 9983 9973 9863 9981 9983 9983 9981 9983 9945 9988 9739 9989 9986 9983 9989 9990 9989 9893 10000 9979 9739 9990 9992 9979 9989 9979 9986 9979 9979 9982 9973 9987 9990 9739 9986 9826 9848 9848 9905 9981 9981 9981 9968 9981 9981 9981 9902 9985 9990 9988 9989 9985 9986 9986 9990 9979 9990 9979 9969 9988 9988 9979 9973 9990 9990 9979 9973 10000 
9751 9983 9980 9745 9980 9983 9983 9987 9804 9968 9983 9978 9984 9981 9981 9980 9986 9984 9746 9979 10000 9978 9983 9980 9805 9991 9814 9987 9757 9751 9983 9968 9983 9981 9978 9986 9978 9987 9984 9968 9981 9987 9988 9893 9981 9780 9988 9982 9981 9968 9963 9963 9981 9984 9981 9819 9990 9983 9946 9988 9961 9986 9839 9986 9920 9889 9745 9968 10000 
9978 9987 9985 9978 9985 9987 9987 9988 9986 9801 9977 9531 9967 9975 9975 9988 9989 9967 9962 9739 9978 10000 9916 9916 9916 9916 9916 9988 9962 9978 9930 9922 9987 9975 9541 9833 9712 9967 9967 9760 9853 9853 9962 9962 9975 9986 9977 9759 9889 9905 9905 9905 9905 9905 9905 9906 9906 9906 9906 9906 9906 9906 9906 9906 9906 9906 9916 9896 10000 
9983 9981 9791 9884 9934 9681 9981 9987 9760 9837 9981 9893 9981 9975 9765 9987 9988 9985 9944 9990 9983 9916 10000 9987 9931 9983 9971 9987 9876 9983 9981 9889 9981 9684 9987 9988 9990 9988 9985 9827 9815 9876 9876 9876 9923 9756 9941 9799 9826 9646 9876 9939 9988 9990 9988 9739 9990 9714 9876 9988 9876 9876 9894 9791 9718 9800 9938 9916 10000 
9980 9977 9862 9981 9794 9976 9977 9720 9951 9988 9971 9893 9981 9975 9975 9660 9845 9981 9951 9992 9980 9916 9987 10000 9981 9990 9987 9725 9980 9980 9987 9988 9971 9981 9988 9950 9990 9954 9987 9988 9981 9981 9971 9981 9981 9981 9971 9988 9981 9987 9979 9991 9981 9981 9981 9981 9991 9987 9981 9971 9981 9971 9971 9971 9981 9981 9981 9988 10000 
9811 9983 9987 9720 9981 9983 9983 9987 9719 9979 9983 9893 9984 9975 9983 9980 9917 9984 9732 9979 9805 9916 9931 9981 10000 9988 9874 9987 9817 9810 9983 9979 9983 9983 9976 9976 9989 9987 9984 9979 9981 9987 9988 9952 9991 9719 9916 9979 9981 9983 9988 9990 9990 9987 9990 9734 9895 9895 9895 9933 9936 9936 9753 9936 9733 9804 9727 9979 10000 
9991 9982 9987 9983 9991 9976 9982 9991 9951 9990 9982 9893 9981 9972 9975 9991 9917 9988 9951 9989 9991 9916 9983 9990 9988 10000 9991 9991 9991 9991 9982 9991 9982 9989 9991 9991 9984 9991 9987 9991 9989 9991 9991 9987 9884 9991 9984 9991 9989 9991 9984 9750 9807 9991 9972 9991 9773 9991 9991 9989 9984 9984 9991 9991 9990 9991 9991 9991 10000 
9803 9987 9848 9805 9990 9976 9987 9987 9873 9848 9987 9893 9981 9981 9949 9987 9945 9988 9744 9979 9814 9916 9971 9987 9874 9991 10000 9987 9691 9802 9987 9848 9990 9949 9972 9972 9962 9987 9988 9848 9949 9911 9894 9770 9949 9849 9973 9848 9949 9949 9938 9938 9981 9968 9957 9888 9991 9930 9823 9987 9838 9937 9908 9960 9986 9958 9691 9848 10000 
9987 9984 9951 9987 9883 9987 9984 9594 9987 9988 9990 9988 9711 9981 9981 9546 9711 9792 9987 9986 9987 9988 9987 9725 9987 9991 9987 10000 9987 9987 9987 9988 9971 9981 9988 9707 9990 9683 9897 9988 9981 9987 9970 9987 9981 9987 9970 9988 9981 9987 9970 9991 9981 9725 9913 9987 9991 9987 9987 9970 9975 9970 9987 9988 9987 9987 9987 9988 10000 
9746 9983 9745 9748 9981 9876 9983 9987 9816 9745 9983 9986 9984 9981 9758 9980 9987 9973 9687 9979 9757 9962 9876 9980 9817 9991 9691 9987 10000 9745 9983 9797 9983 9758 9978 9986 9962 9987 9988 9745 9758 9758 9741 9666 9949 9792 9820 9745 9758 9758 9785 9919 9981 9987 9957 9831 9990 9835 9670 9931 9685 9784 9851 9857 9932 9901 9625 9819 10000 
9740 9983 9857 9742 9981 9876 9983 9987 9809 9956 9983 9971 9984 9981 9835 9980 9987 9973 9738 9979 9751 9978 9983 9980 9810 9991 9802 9987 9745 10000 9983 9956 9983 9956 9976 9976 9978 9987 9984 9956 9956 9974 9974 9880 9956 9786 9892 9956 9956 9956 9974 9991 9981 9984 9957 9825 9895 9895 9895 9933 9936 9936 9844 9936 9824 9895 9738 9951 10000 
9983 9651 9984 9983 9988 9987 9662 9987 9983 9987 9793 9981 9987 9991 9987 9987 9987 9973 9983 9982 9983 9930 9981 9987 9983 9982 9987 9987 9983 9983 10000 9987 9841 9989 9982 9988 9681 9990 9984 9987 9987 9987 9967 9987 9987 9983 9987 9987 9987 9989 9987 9982 9982 9984 9987 9983 9982 9989 9987 9903 9987 9987 9983 9987 9983 9983 9983 9973 10000 
9957 9948 9766 9962 9990 9906 9959 9988 9979 9702 9977 9897 9981 9978 9776 9988 9989 9973 9952 9973 9968 9922 9889 9988 9979 9991 9848 9988 9797 9956 9987 10000 9875 9776 9925 9986 9987 9981 9981 9702 9776 9909 9909 9797 9815 9979 9938 9702 9776 9791 9909 9991 9978 9981 9928 9979 9991 9881 9797 9977 9797 9909 9979 9855 9979 9979 9848 9729 10000 
9983 9750 9971 9983 9971 9981 9768 9972 9983 9970 9693 9977 9971 9981 9981 9971 9970 9970 9983 9987 9983 9987 9981 9971 9983 9982 9990 9971 9983 9983 9841 9875 10000 9981 9987 9970 9987 9970 9987 9970 9976 9987 9797 9987 9976 9983 9859 9970 9976 9981 9939 9982 9982 9970 9989 9983 9982 9981 9987 9733 9976 9891 9903 9918 9983 9983 9983 9977 10000 
9957 9981 9678 9981 9934 9704 9981 9981 9856 9724 9981 9978 9987 9876 9561 9981 9981 9974 9949 9990 9981 9975 9684 9981 9983 9989 9949 9981 9758 9956 9989 9776 9981 10000 9975 9987 9987 9987 9991 9714 9625 9835 9835 9758 9719 9853 9941 9686 9622 9583 9876 9939 9884 9990 9834 9836 9982 9704 9758 9988 9758 9876 9983 9757 9815 9897 9949 9803 10000 
9978 9987 9985 9978 9985 9939 9987 9988 9939 9804 9987 9540 9967 9975 9975 9988 9988 9967 9976 9739 9978 9541 9987 9988 9976 9991 9972 9988 9978 9976 9982 9925 9987 9975 10000 9986 9770 9850 9850 9764 9983 9971 9971 9971 9975 9978 9983 9761 9975 9987 9988 9991 9975 9967 9975 9978 9991 9987 9971 9969 9971 9988 9986 9973 9986 9986 9978 9899 10000 
9986 9984 9990 9986 9988 9939 9984 9819 9939 9973 9990 9986 9739 9987 9987 9771 9817 9818 9976 9986 9986 9833 9988 9950 9976 9991 9972 9707 9986 9976 9988 9986 9970 9987 9986 10000 9990 9711 9925 9991 9987 9988 9970 9987 9987 9987 9970 9988 9987 9988 9970 9991 9987 9753 9913 9987 9991 9988 9987 9970 9975 9970 9987 9991 9987 9987 9987 9988 10000 
9978 9797 9987 9978 9981 9980 9808 9990 9989 9973 9939 9761 9984 9991 9987 9990 9990 9984 9962 9826 9978 9712 9990 9990 9989 9984 9962 9990 9962 9978 9681 9987 9987 9987 9770 9990 10000 9989 9984 9973 9987 9987 9962 9962 9987 9987 9987 9973 9987 9987 9987 9985 9991 9984 9991 9987 9978 9990 9962 9989 9962 9987 9989 9973 9987 9989 9962 9973 10000 
9987 9984 9988 9987 9988 9988 9984 9823 9987 9967 9990 9848 9641 9987 9987 9775 9821 9720 9987 9848 9987 9967 9988 9954 9987 9991 9987 9683 9987 9987 9990 9981 9970 9987 9850 9711 9989 10000 9827 9967 9967 9967 9970 9987 9987 9987 9970 9967 9987 9988 9970 9991 9987 9655 9913 9987 9991 9988 9987 9970 9975 9970 9987 9991 9987 9987 9987 9988 10000 
9984 9987 9987 9984 9987 9991 9987 9992 9984 9967 9984 9848 9750 9992 9991 9989 9986 9749 9984 9848 9984 9967 9985 9987 9984 9987 9988 9897 9988 9984 9984 9981 9987 9991 9850 9925 9984 9827 10000 9967 9991 9991 9991 9990 9986 9984 9991 9967 9991 9991 9991 9988 9991 9784 9991 9984 9981 9981 9981 9987 9990 9981 9985 9981 9985 9985 9988 9981 10000 
9957 9987 9705 9962 9971 9844 9987 9988 9979 9530 9970 9736 9967 9978 9714 9988 9989 9967 9952 9905 9968 9760 9827 9988 9979 9991 9848 9988 9745 9956 9987 9702 9970 9714 9764 9991 9973 9967 9967 10000 9714 9857 9857 9745 9815 9979 9886 9480 9722 9729 9857 9991 9978 9967 9928 9978 9991 9819 9745 9970 9745 9857 9979 9794 9955 9979 9848 9703 10000 
9957 9988 9704 9962 9960 9835 9988 9981 9977 9724 9987 9981 9967 9890 9625 9981 9981 9991 9949 9981 9981 9853 9815 9981 9981 9989 9949 9981 9758 9956 9987 9776 9976 9625 9983 9987 9987 9967 9991 9714 10000 9835 9835 9758 9733 9977 9941 9704 9636 9714 9876 9939 9898 9990 9848 9967 9989 9805 9758 9990 9758 9876 9981 9783 9946 9977 9949 9803 10000 
9974 9987 9857 9974 9960 9876 9987 9987 9987 9894 9987 9971 9967 9992 9835 9981 9990 9991 9963 9981 9987 9853 9876 9981 9987 9991 9911 9987 9758 9974 9987 9909 9987 9835 9971 9988 9987 9967 9991 9857 9835 10000 9739 9806 9930 9987 9802 9857 9835 9835 9766 9991 9991 9991 9991 9987 9988 9835 9748 9912 9739 9766 9987 9857 9985 9990 9902 9902 10000 
9974 9876 9857 9988 9971 9876 9894 9971 9988 9857 9819 9971 9970 9992 9835 9971 9970 9970 9946 9981 9988 9962 9876 9971 9988 9991 9894 9970 9741 9974 9967 9909 9797 9835 9971 9970 9962 9970 9991 9857 9835 9739 10000 9789 9989 9988 9625 9857 9835 9835 9669 9991 9989 9970 9991 9988 9988 9835 9731 9673 9662 9621 9903 9918 9985 9988 9885 9885 10000 
9882 9987 9745 9884 9981 9876 9987 9987 9951 9745 9987 9971 9984 9981 9758 9981 9987 9991 9822 9968 9893 9962 9876 9981 9952 9987 9770 9987 9666 9880 9987 9797 9987 9758 9971 9987 9962 9987 9990 9745 9758 9806 9789 10000 9949 9928 9869 9745 9758 9758 9833 9991 9981 9984 9957 9967 9967 9835 9719 9967 9733 9833 9967 9857 9967 9967 9761 9832 10000 
9957 9991 9815 9962 9988 9943 9991 9981 9991 9815 9991 9978 9987 9740 9625 9981 9981 9982 9949 9981 9981 9975 9923 9981 9991 9884 9949 9981 9949 9956 9987 9815 9976 9719 9975 9987 9987 9987 9986 9815 9733 9930 9989 9949 10000 9981 9981 9815 9659 9822 9971 9898 9660 9982 9698 9985 9757 9913 9949 9976 9949 9987 9987 9894 9989 9989 9949 9815 10000 
9786 9983 9961 9648 9961 9830 9983 9987 9547 9979 9983 9978 9984 9981 9934 9980 9987 9984 9708 9981 9780 9986 9756 9981 9719 9991 9849 9987 9792 9786 9983 9979 9983 9853 9978 9987 9987 9987 9984 9979 9977 9987 9988 9928 9981 10000 9988 9969 9977 9815 9963 9963 9981 9984 9981 9559 9990 9883 9981 9988 9988 9988 9717 9961 9660 9673 9702 9979 10000 
9974 9938 9886 9988 9971 9941 9956 9971 9915 9886 9884 9981 9970 9981 9941 9971 9970 9970 9892 9981 9988 9977 9941 9971 9916 9984 9973 9970 9820 9892 9987 9938 9859 9941 9983 9970 9987 9970 9991 9886 9941 9802 9625 9869 9981 9988 10000 9886 9941 9941 9705 9954 9989 9970 9989 9988 9987 9941 9815 9739 9742 9656 9988 9886 9985 9988 9964 9960 10000 
9957 9987 9679 9962 9945 9816 9987 9988 9979 9530 9970 9733 9967 9978 9686 9988 9989 9967 9952 9902 9982 9759 9799 9988 9979 9991 9848 9988 9745 9956 9987 9702 9970 9686 9761 9988 9973 9967 9967 9480 9704 9857 9857 9745 9815 9969 9886 10000 9722 9701 9857 9991 9978 9967 9928 9950 9991 9791 9745 9970 9745 9857 9979 9768 9927 9979 9848 9703 10000 
9957 9988 9722 9962 9978 9847 9988 9981 9977 9724 9987 9978 9987 9816 9563 9981 9981 9991 9949 9985 9981 9889 9826 9981 9981 9989 9949 9981 9758 9956 9987 9776 9976 9622 9975 9987 9987 9987 9991 9722 9636 9835 9835 9758 9659 9977 9941 9722 10000 9725 9876 9939 9824 9990 9774 9977 9922 9816 9758 9990 9758 9876 9981 9800 9957 9977 9949 9803 10000 
9957 9981 9693 9943 9934 9681 9981 9987 9819 9739 9981 9987 9986 9979 9664 9987 9988 9991 9949 9990 9968 9905 9646 9987 9983 9991 9949 9987 9758 9956 9989 9791 9981 9583 9987 9988 9987 9988 9991 9729 9714 9835 9835 9758 9822 9815 9941 9701 9725 10000 9876 9939 9987 9990 9937 9798 9986 9704 9758 9988 9758 9876 9953 9757 9777 9859 9949 9818 10000 
9963 9987 9857 9963 9979 9876 9987 9971 9876 9947 9961 9988 9970 9992 9876 9979 9970 9970 9988 9988 9963 9905 9876 9979 9988 9984 9938 9970 9785 9974 9987 9909 9939 9876 9988 9970 9987 9970 9991 9857 9876 9766 9669 9833 9971 9963 9705 9857 9876 9876 10000 9929 9952 9952 9952 9988 9988 9876 9775 9815 9706 9669 9951 9857 9985 9988 9929 9929 10000 
9963 9982 9991 9963 9991 9890 9982 9991 9876 9947 9981 9991 9991 9986 9989 9991 9988 9991 9991 9989 9963 9905 9939 9991 9990 9750 9938 9991 9919 9991 9982 9991 9982 9939 9991 9991 9985 9991 9988 9991 9939 9991 9991 9991 9898 9963 9954 9991 9939 9939 9929 10000 9822 9971 9971 9987 9787 9992 9992 9984 9984 9984 9987 9991 9987 9987 9991 9991 10000 
9981 9982 9978 9981 9991 9976 9982 9981 9962 9947 9982 9978 9987 9748 9790 9981 9981 9982 9981 9985 9981 9905 9988 9981 9990 9807 9981 9981 9981 9981 9982 9978 9982 9884 9975 9987 9991 9987 9991 9978 9898 9991 9989 9981 9660 9981 9989 9978 9824 9987 9952 9822 10000 9982 9748 9991 9680 9939 9980 9989 9988 9988 9991 9991 9988 9988 9981 9978 10000 
9984 9984 9987 9984 9987 9976 9984 9865 9962 9947 9984 9967 9613 9982 9991 9817 9862 9679 9984 9986 9984 9905 9990 9981 9987 9991 9968 9725 9987 9984 9984 9981 9970 9990 9967 9753 9984 9655 9784 9967 9990 9991 9970 9984 9982 9984 9970 9967 9990 9990 9952 9971 9982 10000 9991 9984 9991 9991 9991 9970 9975 9970 9987 9991 9987 9987 9987 9981 10000 
9957 9991 9928 9962 9992 9976 9991 9913 9962 9947 9987 9978 9913 9740 9740 9913 9981 9982 9957 9986 9981 9905 9988 9981 9990 9972 9957 9913 9957 9957 9987 9928 9989 9834 9975 9913 9991 9913 9991 9928 9848 9991 9991 9957 9698 9981 9989 9928 9774 9937 9952 9971 9748 9991 10000 9991 9845 9939 9980 9989 9957 9988 9988 9988 9988 9988 9957 9928 10000 
9825 9983 9942 9687 9942 9813 9983 9987 9563 9948 9983 9978 9984 9991 9917 9987 9987 9984 9747 9990 9819 9906 9739 9981 9734 9991 9888 9987 9831 9825 9983 9979 9983 9836 9978 9987 9987 9987 9984 9978 9967 9987 9988 9967 9985 9559 9988 9950 9977 9798 9988 9987 9991 9984 9991 10000 9991 9866 9990 9988 9988 9988 9717 9942 9643 9673 9741 9979 10000 
9990 9982 9991 9990 9991 9991 9982 9991 9895 9948 9982 9991 9984 9845 9887 9991 9986 9991 9895 9979 9990 9906 9990 9991 9895 9773 9991 9991 9990 9895 9982 9991 9982 9982 9991 9991 9978 9991 9981 9991 9989 9988 9988 9967 9757 9990 9987 9991 9922 9986 9988 9787 9680 9991 9845 9991 10000 9992 9992 9989 9992 9989 9991 9991 9988 9988 9991 9991 10000 
9983 9981 9783 9983 9934 9734 9981 9987 9886 9829 9981 9987 9991 9939 9755 9987 9988 9981 9895 9990 9983 9906 9714 9987 9895 9991 9930 9987 9835 9895 9989 9881 9981 9704 9987 9988 9990 9988 9981 9819 9805 9835 9835 9835 9913 9883 9941 9791 9816 9704 9876 9992 9939 9991 9939 9866 9992 10000 9835 9988 9835 9876 9983 9783 9845 9927 9930 9908 10000 
9935 9987 9745 9937 9981 9876 9987 9987 9895 9745 9987 9971 9988 9980 9758 9981 9987 9981 9876 9979 9946 9906 9876 9981 9895 9991 9823 9987 9670 9895 9987 9797 9987 9758 9971 9987 9962 9987 9981 9745 9758 9748 9731 9719 9949 9981 9815 9745 9758 9758 9775 9992 9980 9991 9980 9990 9992 9835 10000 9926 9680 9779 9986 9857 9985 9986 9814 9819 10000 
9988 9812 9971 9988 9971 9989 9830 9971 9933 9948 9755 9969 9970 9989 9989 9970 9970 9970 9933 9969 9988 9906 9988 9971 9933 9989 9987 9970 9931 9933 9903 9977 9733 9988 9969 9970 9989 9970 9987 9970 9990 9912 9673 9967 9976 9988 9739 9970 9990 9988 9815 9984 9989 9970 9989 9988 9989 9988 9926 10000 9852 9767 9903 9918 9988 9988 9988 9977 10000 
9950 9987 9745 9952 9981 9876 9987 9975 9936 9745 9987 9971 9975 9991 9758 9981 9990 9975 9890 9988 9961 9906 9876 9981 9936 9984 9838 9975 9685 9936 9987 9797 9976 9758 9971 9975 9962 9975 9990 9745 9758 9739 9662 9733 9949 9988 9742 9745 9758 9758 9706 9984 9988 9975 9957 9988 9992 9835 9680 9852 10000 9706 9915 9915 9915 9915 9829 9832 10000 
9974 9970 9857 9986 9971 9876 9987 9971 9936 9857 9912 9988 9970 9988 9876 9971 9970 9970 9936 9988 9986 9906 9876 9971 9936 9984 9937 9970 9784 9936 9987 9909 9891 9876 9988 9970 9987 9970 9981 9857 9876 9766 9621 9833 9987 9988 9656 9857 9876 9876 9669 9984 9988 9970 9988 9988 9989 9876 9779 9767 9706 10000 9988 9857 9985 9988 9928 9931 10000 
9845 9970 9981 9717 9981 9968 9983 9987 9717 9948 9983 9986 9984 9988 9983 9971 9987 9987 9766 9979 9839 9906 9894 9971 9753 9991 9908 9987 9851 9844 9983 9979 9903 9983 9986 9987 9989 9987 9985 9979 9981 9987 9903 9967 9987 9717 9988 9979 9981 9953 9951 9987 9991 9987 9988 9717 9991 9983 9986 9903 9915 9988 10000 9979 9798 9767 9761 9979 10000 
9986 9970 9703 9986 9880 9808 9988 9988 9936 9804 9970 9973 9991 9988 9757 9971 9986 9981 9936 9973 9986 9906 9791 9971 9936 9991 9960 9988 9857 9936 9987 9855 9918 9757 9973 9991 9973 9991 9981 9794 9783 9857 9918 9857 9894 9961 9886 9768 9800 9757 9857 9991 9991 9991 9988 9942 9991 9783 9857 9918 9915 9857 9979 10000 9919 9979 9960 9882 10000 
9926 9983 9919 9788 9934 9792 9983 9987 9562 9948 9983 9986 9987 9988 9896 9987 9987 9987 9746 9990 9920 9906 9718 9981 9733 9990 9986 9987 9932 9824 9983 9979 9983 9815 9986 9987 9987 9987 9985 9955 9946 9985 9985 9967 9989 9660 9985 9927 9957 9777 9985 9987 9988 9987 9988 9643 9988 9845 9985 9988 9915 9985 9798 9919 10000 9704 9842 9979 10000 
9895 9983 9981 9757 9981 9874 9983 9987 9674 9948 9983 9986 9984 9988 9978 9980 9987 9987 9817 9990 9889 9906 9800 9981 9804 9991 9958 9987 9901 9895 9983 9979 9983 9897 9986 9987 9989 9987 9985 9979 9977 9990 9988 9967 9989 9673 9988 9979 9977 9859 9988 9987 9988 9987 9988 9673 9988 9927 9986 9988 9915 9988 9767 9979 9704 10000 9811 9979 10000 
9740 9983 9848 9658 9981 9981 9983 9987 9726 9848 9983 9978 9984 9981 9949 9980 9987 9987 9602 9979 9745 9916 9938 9981 9727 9991 9691 9987 9625 9738 9983 9848 9983 9949 9978 9987 9962 9987 9988 9848 9949 9902 9885 9761 9949 9702 9964 9848 9949 9949 9929 9991 9981 9987 9957 9741 9991 9930 9814 9988 9829 9928 9761 9960 9842 9811 10000 9848 10000 
9957 9989 9793 9962 9987 9933 9977 9988 9979 9703 9977 9871 9981 9978 9803 9988 9989 9981 9893 9973 9968 9896 9916 9988 9979 9991 9848 9988 9819 9951 9973 9729 9977 9803 9899 9988 9973 9988 9981 9703 9803 9902 9885 9832 9815 9979 9960 9703 9803 9818 9929 9991 9978 9981 9928 9979 9991 9908 9819 9977 9832 9931 9979 9882 9979 9979 9848 10000 10000 
10000 10000 10000 10000 10000 10000 10000 10000 10000 10000 10000 10000 10000 10000 10000 10000 10000 10000 10000 10000 10000 10000 10000 10000 10000 10000 10000 10000 10000 10000 10000 10000 10000 10000 10000 10000 10000 10000 10000 10000 10000 10000 10000 10000 10000 10000 10000 10000 10000 10000 10000 10000 10000 10000 10000 10000 10000 10000 10000 10000 10000 10000 10000 10000 10000 10000 10000 10000 10000 
