128
10000 9988 9985 9747 9991 9984 9988 9989 9981 9989 9988 9985 9981 9981 9981 9981 9988 9990 9981 9991 9989 9982 9982 9981 9992 9991 9987 9989 9988 9988 9990 9933 9982 9985 9991 9988 9992 9989 9989 9989 9983 9988 9982 9982 9982 9989 9983 9988 9983 9983 9990 9975 9988 9991 9982 9987 9986 9982 9989 9988 9992 9989 9991 9992 9989 9754 9991 9985 9987 9987 9988 9989 9991 9991 9991 9989 9981 9989 9982 9983 9989 9987 9988 9983 9990 9975 9979 9987 9991 9983 9991 9987 9986 9982 9985 9990 9983 9982 9992 9983 9983 9981 9981 9988 9989 9891 9975 9989 9992 9985 9983 9989 9991 9792 9985 9990 9982 9740 9967 9982 9991 9982 9985 9988 9990 9989 9982 10000 
9988 10000 9985 9988 9976 9986 9611 9984 9983 9990 9646 9990 9983 9989 9984 9986 9991 9983 9983 9782 9992 9990 9979 9963 9963 9696 9957 9979 9603 9991 9988 9983 9990 9988 9987 9989 9979 9984 9987 9986 9987 9987 9990 9986 9983 9986 9991 9984 9987 9989 9983 9704 9979 9988 9987 9985 9982 9990 9979 9979 9979 9990 9988 9979 9985 9988 9988 9989 9986 9987 9987 9803 9983 9988 9988 9984 9983 9984 9988 9987 9984 9986 9990 9989 9983 9680 9981 9986 9983 9987 9988 9986 9987 9991 9990 9983 9987 9987 9984 9976 9987 9991 9991 9989 9984 9987 9773 9979 9979 9990 9987 9992 9885 9990 9990 9984 9983 9988 9989 9990 9979 9988 9985 9983 9983 9991 9991 10000 
9985 9985 10000 9985 9988 9988 9990 9987 9990 9657 9885 9983 9990 9988 9987 9988 9988 9987 9990 9990 9983 9770 9983 9990 9991 9990 9982 9990 9990 9929 9990 9991 9677 9868 9868 9869 9869 9990 9987 9990 9988 9985 9770 9991 9985 9990 9988 9990 9984 9988 9991 9988 9983 9990 9991 9982 9987 9733 9983 9985 9989 9988 9989 9989 9630 9985 9987 9857 9984 9984 9985 9990 9985 9731 9981 9990 9987 9987 9987 9987 9983 9984 9983 9977 9976 9990 9989 9988 9985 9988 9987 9988 9982 9987 9983 9987 9987 9987 9987 9987 9987 9986 9986 9936 9990 9985 9985 9990 9988 9983 9988 9988 9985 9985 9985 9991 9985 9985 9984 9991 9983 9987 9777 9985 9983 9988 9987 10000 
9747 9988 9985 10000 9991 9987 9988 9988 9986 9985 9988 9985 9986 9991 9991 9990 9988 9985 9986 9989 9988 9982 9982 9986 9992 9989 9987 9979 9988 9988 9984 9940 9982 9984 9991 9988 9985 9984 9989 9985 9983 9985 9982 9987 9986 9989 9983 9988 9987 9983 9985 9988 9986 9989 9987 9987 9991 9982 9986 9987 9987 9988 9987 9985 9985 9761 9987 9985 9987 9985 9985 9989 9987 9985 9991 9984 9986 9984 9982 9983 9988 9987 9988 9971 9985 9988 9979 9987 9957 9983 9987 9987 9987 9982 9985 9985 9983 9987 9987 9983 9983 9986 9986 9988 9989 9898 9975 9979 9992 9985 9983 9983 9987 9799 9985 9984 9987 9637 9857 9934 9986 9982 9989 9986 9985 9988 9982 10000 
9991 9976 9988 9991 10000 9972 9988 9981 9991 9977 9976 9992 9991 9978 9991 9988 9989 9987 9975 9988 9981 9988 9989 9991 9989 9987 9987 9987 9988 9882 9944 9989 9977 9988 9988 9890 9890 9988 9983 9990 9989 9990 9988 9990 9989 9982 9978 9986 9985 9988 9987 9988 9988 9782 9989 9988 9980 9977 9989 9988 9990 9981 9907 9990 9988 9991 9793 9939 9987 9987 9988 9989 9988 9977 9988 9988 9991 9988 9949 9989 9981 9987 9988 9985 9987 9988 9991 9988 9988 9989 9766 9988 9990 9986 9992 9987 9979 9979 9979 9978 9989 9988 9988 9989 9988 9989 9988 9990 9989 9991 9991 9981 9988 9989 9992 9988 9989 9991 9987 9986 9988 9977 9989 9989 9987 9981 9986 10000 
9984 9986 9988 9987 9972 10000 9986 9984 9988 9988 9986 9988 9988 9978 9991 9722 9989 9985 9988 9985 9984 9985 9985 9988 9989 9985 9988 9988 9989 9991 9981 9976 9985 9981 9985 9991 9988 9981 9986 9988 9991 9978 9985 9865 9982 9983 9978 9989 9976 9978 9985 9986 9985 9988 9976 9988 9990 9985 9982 9991 9992 9984 9989 9988 9988 9987 9988 9991 9775 9835 9863 9863 9863 9863 9863 9981 9988 9981 9990 9990 9984 9884 9988 9985 9985 9986 9987 9681 9982 9991 9990 9681 9989 9990 9991 9985 9989 9976 9984 9984 9991 9808 9848 9991 9989 9976 9986 9992 9989 9988 9991 9984 9985 9987 9991 9981 9981 9987 9978 9990 9985 9990 9991 9982 9985 9984 9990 10000 
9988 9611 9990 9988 9988 9986 10000 9984 9983 9990 9671 9990 9983 9989 9984 9986 9989 9983 9983 9760 9983 9989 9979 9963 9963 9674 9935 9976 9589 9991 9988 9983 9989 9988 9965 9989 9980 9988 9987 9988 9990 9987 9989 9989 9983 9988 9991 9982 9987 9989 9983 9755 9979 9988 9987 9985 9982 9989 9979 9979 9979 9983 9988 9980 9985 9988 9988 9989 9989 9987 9987 9781 9983 9988 9988 9988 9983 9988 9988 9985 9983 9991 9990 9989 9983 9731 9981 9991 9983 9988 9988 9991 9987 9991 9990 9983 9991 9987 9984 9976 9984 9991 9983 9991 9982 9987 9824 9980 9992 9990 9990 9983 9863 9990 9986 9988 9983 9988 9989 9990 9979 9988 9985 9983 9983 9983 9991 10000 
9989 9984 9987 9988 9981 9984 9984 10000 9979 9987 9984 9988 9979 9989 9847 9984 9991 9988 9987 9984 9733 9987 9987 9979 9988 9984 9979 9988 9981 9989 9981 9981 9987 9986 9989 9989 9988 9986 9986 9988 9983 9987 9987 9988 9979 9988 9989 9991 9988 9984 9988 9984 9987 9988 9988 9979 9989 9987 9988 9991 9988 9804 9981 9989 9987 9990 9988 9989 9988 9984 9987 9984 9991 9987 9988 9986 9979 9986 9989 9988 9734 9987 9979 9987 9988 9984 9983 9988 9979 9988 9988 9988 9991 9985 9988 9988 9988 9988 9710 9895 9988 9987 9987 9989 9991 9988 9986 9988 9988 9988 9988 9725 9991 9983 9988 9985 9988 9987 9987 9985 9987 9985 9989 9986 9987 9658 9958 10000 
9981 9983 9990 9986 9991 9988 9983 9979 10000 9990 9983 9981 9547 9991 9987 9988 9983 9984 9641 9989 9991 9989 9980 9561 9808 9983 9983 9983 9983 9975 9978 9976 9989 9972 9991 9971 9989 9978 9991 9983 9985 9986 9989 9988 9795 9983 9986 9982 9986 9991 9984 9972 9980 9988 9976 9985 9988 9988 9980 9988 9989 9988 9988 9984 9990 9976 9988 9971 9988 9986 9986 9985 9987 9987 9987 9978 9568 9978 9988 9985 9991 9988 9981 9981 9984 9972 9984 9988 9696 9985 9988 9988 9979 9988 9981 9984 9989 9990 9979 9990 9985 9775 9746 9971 9978 9976 9972 9983 9985 9981 9985 9991 9988 9976 9981 9978 9981 9986 9986 9991 9980 9988 9971 9803 9984 9987 9988 10000 
9989 9990 9657 9985 9977 9988 9990 9987 9990 10000 9986 9983 9990 9991 9987 9988 9989 9976 9990 9989 9988 9644 9929 9990 9991 9990 9982 9987 9990 9988 9990 9992 9550 9981 9981 9981 9981 9990 9981 9987 9988 9985 9644 9927 9978 9987 9991 9991 9991 9991 9987 9991 9983 9977 9989 9982 9987 9607 9983 9988 9982 9988 9989 9982 9694 9960 9987 9976 9985 9985 9985 9990 9985 9749 9991 9990 9990 9990 9987 9988 9988 9985 9983 9977 9976 9986 9988 9988 9978 9974 9977 9988 9982 9987 9983 9976 9988 9988 9987 9988 9988 9989 9989 9976 9983 9989 9990 9987 9988 9983 9988 9988 9988 9985 9988 9991 9985 9985 9985 9991 9984 9987 9963 9978 9987 9988 9987 10000 
9988 9646 9885 9988 9976 9986 9671 9984 9983 9986 10000 9990 9983 9989 9984 9986 9988 9983 9983 9841 9992 9990 9979 9983 9983 9755 9983 9979 9663 9919 9919 9951 9990 9988 9987 9976 9979 9988 9987 9979 9986 9987 9990 9986 9983 9988 9988 9982 9983 9989 9983 9730 9979 9988 9987 9985 9983 9990 9979 9988 9979 9992 9988 9979 9991 9988 9988 9981 9986 9987 9987 9863 9987 9987 9987 9988 9983 9988 9988 9988 9992 9986 9990 9989 9983 9706 9968 9986 9983 9988 9988 9986 9985 9986 9990 9983 9984 9983 9984 9984 9984 9991 9991 9991 9982 9987 9799 9979 9980 9983 9990 9990 9943 9943 9943 9943 9943 9943 9943 9943 9979 9988 9991 9983 9983 9991 9986 10000 
9985 9990 9983 9985 9992 9988 9990 9988 9981 9983 9990 10000 9981 9986 9988 9988 9989 9978 9981 9988 9990 9983 9973 9981 9973 9990 9926 9949 9990 9983 9981 9990 9983 9991 9986 9983 9991 9981 9989 9821 9973 9982 9983 9988 9981 9788 9989 9989 9990 9989 9989 9990 9973 9990 9991 9931 9990 9983 9973 9992 9991 9990 9989 9989 9983 9989 9990 9983 9988 9982 9988 9988 9988 9988 9973 9981 9981 9981 9989 9989 9989 9975 9759 9990 9990 9990 9986 9988 9981 9973 9990 9988 9981 9978 9575 9978 9973 9985 9988 9990 9973 9992 9992 9983 9989 9991 9990 9918 9973 9517 9973 9990 9988 9989 9726 9981 9985 9989 9975 9978 9973 9978 9983 9983 9989 9988 9978 10000 
9981 9983 9990 9986 9991 9988 9983 9979 9547 9990 9983 9981 10000 9988 9988 9988 9988 9984 9641 9987 9987 9987 9987 9528 9808 9983 9983 9983 9983 9975 9978 9976 9989 9972 9987 9971 9987 9978 9991 9983 9985 9986 9989 9988 9770 9983 9986 9982 9986 9991 9984 9972 9980 9988 9976 9985 9988 9988 9980 9988 9991 9988 9988 9984 9990 9976 9988 9971 9988 9986 9986 9985 9987 9987 9987 9978 9516 9978 9988 9985 9991 9988 9981 9987 9984 9972 9984 9988 9671 9985 9988 9941 9979 9988 9981 9984 9989 9987 9979 9990 9985 9722 9693 9971 9987 9976 9972 9983 9985 9981 9985 9991 9988 9976 9981 9978 9987 9986 9986 9991 9980 9988 9971 9778 9984 9987 9988 10000 
9981 9989 9988 9991 9978 9978 9989 9989 9991 9991 9989 9986 9988 10000 9984 9978 9985 9980 9991 9986 9992 9980 9989 9991 9991 9986 9979 9975 9986 9989 9988 9982 9988 9990 9986 9991 9988 9985 9988 9975 9988 9988 9980 9988 9979 9975 9723 9985 9980 9686 9956 9989 9989 9985 9980 9979 9985 9980 9989 9989 9989 9989 9985 9975 9991 9988 9985 9991 9978 9978 9978 9978 9978 9978 9978 9985 9991 9985 9985 9988 9985 9988 9991 9982 9980 9989 9985 9978 9991 9991 9985 9978 9979 9985 9991 9980 9991 9980 9984 9750 9992 9978 9978 9983 9985 9980 9989 9975 9992 9986 9991 9992 9976 9986 9986 9985 9980 9991 9989 9988 9989 9985 9988 9979 9978 9992 9985 10000 
9981 9984 9987 9991 9991 9991 9984 9847 9987 9987 9984 9988 9988 9984 10000 9989 9989 9984 9987 9984 9987 9987 9988 9987 9988 9984 9991 9989 9984 9991 9991 9984 9987 9986 9988 9991 9991 9991 9989 9988 9988 9987 9987 9989 9992 9988 9976 9985 9987 9984 9984 9984 9988 9991 9987 9991 9989 9987 9988 9988 9991 9987 9990 9989 9987 9992 9991 9990 9989 9987 9987 9984 9991 9987 9988 9991 9987 9991 9991 9988 9987 9987 9991 9991 9984 9984 9938 9989 9991 9988 9989 9989 9984 9989 9988 9984 9988 9984 9782 9976 9988 9987 9987 9991 9991 9987 9986 9991 9988 9988 9988 9983 9988 9992 9988 9991 9984 9990 9987 9989 9988 9989 9990 9992 9984 9916 9989 10000 
9981 9986 9988 9990 9988 9722 9986 9984 9988 9988 9986 9988 9988 9978 9989 10000 9992 9985 9988 9985 9984 9985 9985 9988 9989 9985 9988 9988 9988 9991 9981 9976 9985 9981 9985 9991 9988 9981 9974 9989 9991 9989 9985 9885 9982 9983 9978 9991 9976 9978 9985 9986 9985 9988 9976 9988 9990 9985 9982 9991 9992 9984 9989 9988 9988 9988 9988 9991 9795 9835 9863 9863 9863 9863 9863 9981 9988 9981 9990 9991 9984 9904 9988 9988 9985 9986 9987 9722 9982 9991 9990 9722 9989 9990 9991 9985 9989 9976 9984 9984 9991 9829 9869 9991 9990 9976 9986 9992 9989 9988 9991 9984 9985 9988 9991 9981 9981 9988 9982 9990 9985 9990 9991 9982 9985 9984 9990 10000 
9988 9991 9988 9988 9989 9989 9989 9991 9983 9989 9988 9989 9988 9985 9989 9992 10000 9988 9986 9991 9988 9990 9990 9986 9982 9991 9988 9985 9989 9988 9992 9988 9990 9991 9991 9988 9985 9890 9979 9986 9980 9980 9990 9989 9990 9986 9985 9741 9990 9985 9985 9986 9986 9986 9986 9986 9986 9986 9985 9988 9985 9988 9984 9985 9988 9988 9984 9988 9989 9980 9980 9989 9988 9992 9982 9866 9946 9866 9866 9866 9866 9902 9902 9902 9902 9948 9948 9948 9951 9951 9951 9968 9968 9968 9968 9988 9982 9988 9991 9988 9980 9989 9989 9988 9746 9867 9978 9985 9982 9986 9986 9986 9990 9988 9989 9979 9988 9988 9980 9988 9990 9984 9988 9983 9989 9988 9984 10000 
9990 9983 9987 9985 9987 9985 9983 9988 9984 9976 9983 9978 9984 9980 9984 9985 9988 10000 9991 9984 9988 9987 9988 9991 9991 9983 9987 9987 9983 9982 9979 9974 9987 9989 9989 9982 9952 9979 9980 9991 9988 9985 9987 9985 9984 9991 9980 9979 9984 9970 9626 9983 9984 9985 9985 9987 9990 9987 9984 9984 9987 9988 9992 9987 9987 9985 9985 9982 9985 9985 9985 9991 9984 9976 9991 9979 9991 9979 9981 9991 9988 9985 9981 9984 9596 9983 9987 9985 9984 9988 9981 9985 9982 9991 9978 9528 9847 9847 9847 9847 9894 9988 9988 9982 9979 9985 9983 9991 9991 9978 9988 9988 9984 9985 9978 9979 9974 9985 9985 9985 9984 9991 9987 9984 9703 9988 9990 10000 
9981 9983 9990 9986 9975 9988 9983 9987 9641 9990 9983 9981 9641 9991 9987 9988 9986 9991 10000 9988 9990 9990 9980 9640 9989 9991 9988 9983 9983 9990 9981 9976 9990 9972 9989 9990 9975 9987 9991 9983 9989 9986 9990 9988 9863 9983 9983 9988 9981 9988 9991 9972 9988 9988 9976 9988 9988 9990 9988 9988 9986 9986 9988 9984 9990 9976 9988 9990 9988 9986 9983 9988 9988 9990 9989 9981 9640 9987 9985 9985 9991 9988 9981 9987 9986 9972 9972 9988 9763 9989 9988 9988 9986 9988 9981 9991 9989 9981 9987 9988 9989 9800 9772 9983 9978 9976 9972 9983 9989 9981 9989 9986 9988 9976 9981 9981 9991 9981 9986 9991 9988 9988 9990 9871 9991 9987 9988 10000 
9991 9782 9990 9989 9988 9985 9760 9984 9989 9989 9841 9988 9987 9986 9984 9985 9991 9984 9988 10000 9990 9990 9987 9985 9983 9630 9991 9980 9713 9987 9988 9983 9990 9984 9740 9989 9980 9988 9988 9986 9986 9986 9983 9985 9985 9978 9976 9991 9983 9976 9984 9926 9852 9988 9987 9987 9988 9983 9948 9866 9948 9948 9948 9948 9948 9948 9948 9948 9985 9985 9985 9746 9797 9932 9932 9988 9985 9988 9988 9989 9990 9986 9986 9989 9984 9902 9981 9985 9985 9983 9988 9985 9990 9988 9988 9984 9983 9983 9984 9976 9992 9989 9989 9989 9989 9990 9987 9980 9984 9990 9983 9990 9636 9802 9802 9871 9871 9873 9873 9873 9781 9988 9989 9989 9984 9990 9988 10000 
9989 9992 9983 9988 9981 9984 9983 9733 9991 9988 9992 9990 9987 9992 9987 9984 9988 9988 9990 9990 10000 9988 9987 9979 9988 9985 9979 9988 9981 9989 9981 9981 9988 9986 9990 9989 9988 9986 9986 9988 9983 9990 9988 9988 9979 9990 9992 9988 9988 9992 9988 9985 9987 9987 9987 9979 9987 9988 9988 9990 9988 9723 9985 9989 9983 9990 9987 9989 9988 9984 9990 9991 9990 9983 9988 9986 9979 9986 9985 9988 9653 9988 9979 9987 9988 9985 9983 9988 9979 9990 9987 9988 9985 9937 9990 9988 9988 9990 9854 9895 9988 9991 9991 9989 9988 9989 9986 9988 9988 9985 9990 9652 9990 9983 9988 9991 9990 9987 9991 9928 9987 9928 9989 9989 9990 9652 9877 10000 
9982 9990 9770 9982 9988 9985 9989 9987 9989 9644 9990 9983 9987 9980 9987 9985 9990 9987 9990 9990 9988 10000 9983 9989 9990 9990 9980 9987 9983 9985 9990 9982 9597 9961 9961 9962 9962 9990 9990 9987 9988 9985 9541 9985 9978 9987 9977 9990 9988 9980 9987 9988 9983 9978 9988 9990 9978 9543 9983 9985 9991 9985 9978 9991 9807 9982 9978 9985 9985 9985 9989 9989 9985 9863 9989 9990 9989 9990 9978 9991 9985 9985 9983 9988 9987 9990 9988 9985 9978 9990 9978 9985 9949 9987 9987 9987 9990 9988 9987 9980 9975 9990 9990 9985 9990 9982 9990 9987 9990 9983 9990 9985 9985 9982 9988 9991 9988 9982 9985 9979 9983 9978 9984 9978 9987 9985 9987 10000 
9982 9979 9983 9982 9989 9985 9979 9987 9980 9929 9979 9973 9987 9989 9988 9985 9990 9988 9980 9987 9987 9983 10000 9980 9990 9987 9987 9988 9979 9985 9972 9985 9984 9986 9987 9985 9988 9987 9988 9992 9991 9987 9984 9991 9991 9973 9989 9990 9985 9987 9987 9979 9733 9939 9939 9939 9939 9984 9714 9884 9988 9987 9988 9988 9988 9980 9988 9989 9991 9987 9987 9988 9900 9988 9990 9987 9980 9987 9982 9987 9987 9991 9991 9985 9990 9979 9985 9985 9986 9990 9988 9985 9988 9982 9973 9989 9987 9985 9987 9989 9990 9985 9985 9985 9987 9980 9979 9988 9990 9973 9990 9987 9876 9980 9973 9972 9985 9991 9991 9982 9729 9982 9989 9990 9987 9987 9982 10000 
9981 9963 9990 9986 9991 9988 9963 9979 9561 9990 9983 9981 9528 9991 9987 9988 9986 9991 9640 9985 9979 9989 9980 10000 9985 9991 9988 9983 9983 9990 9981 9976 9990 9972 9989 9990 9975 9987 9991 9983 9985 9986 9990 9988 9809 9983 9983 9985 9981 9988 9991 9972 9988 9988 9976 9988 9988 9990 9988 9988 9986 9986 9988 9984 9990 9976 9988 9990 9988 9986 9983 9988 9988 9990 9985 9981 9536 9987 9985 9985 9979 9988 9981 9987 9986 9972 9972 9988 9709 9985 9988 9961 9979 9988 9981 9991 9985 9981 9987 9988 9985 9741 9713 9978 9978 9976 9972 9983 9985 9981 9985 9979 9988 9976 9981 9981 9991 9986 9986 9991 9988 9988 9990 9817 9991 9987 9988 10000 
9992 9963 9991 9992 9989 9989 9963 9988 9808 9991 9983 9973 9808 9991 9988 9989 9982 9991 9989 9983 9988 9990 9990 9985 10000 9983 9983 9988 9983 9984 9983 9987 9991 9988 9983 9984 9986 9982 9982 9988 9760 9989 9991 9989 9989 9983 9991 9982 9987 9990 9991 9988 9989 9989 9987 9985 9988 9991 9975 9990 9986 9988 9989 9986 9991 9988 9989 9984 9989 9989 9989 9983 9989 9991 9750 9982 9985 9982 9988 9812 9988 9989 9973 9987 9991 9988 9988 9989 9989 9720 9991 9987 9990 9988 9973 9991 9737 9987 9988 9991 9758 9985 9985 9987 9982 9987 9988 9988 9752 9973 9719 9988 9983 9991 9973 9983 9983 9992 9990 9988 9989 9988 9984 9989 9991 9988 9988 10000 
9991 9696 9990 9989 9987 9985 9674 9984 9983 9990 9755 9990 9983 9986 9984 9985 9991 9983 9991 9630 9985 9990 9987 9991 9983 10000 9991 9980 9627 9987 9988 9983 9990 9984 9836 9991 9980 9988 9988 9986 9986 9990 9983 9978 9985 9978 9976 9991 9983 9976 9983 9840 9948 9987 9987 9987 9987 9983 9979 9962 9989 9985 9985 9980 9985 9991 9985 9984 9982 9985 9985 9746 9893 9932 9932 9988 9985 9988 9988 9991 9991 9991 9990 9989 9983 9816 9981 9985 9985 9983 9985 9985 9990 9988 9990 9983 9983 9983 9984 9984 9984 9989 9989 9989 9989 9990 9909 9980 9984 9990 9983 9990 9732 9802 9802 9871 9871 9873 9873 9873 9877 9988 9991 9985 9983 9983 9988 10000 
9987 9957 9982 9987 9987 9988 9935 9979 9983 9982 9983 9926 9983 9979 9991 9988 9988 9987 9988 9991 9979 9980 9987 9988 9983 9991 10000 9967 9991 9991 9985 9990 9982 9990 9991 9991 9988 9981 9979 9990 9985 9987 9980 9988 9980 9988 9967 9981 9986 9979 9979 9987 9991 9980 9987 9743 9984 9982 9989 9991 9991 9979 9980 9967 9982 9990 9987 9991 9988 9988 9987 9989 9991 9982 9985 9981 9988 9981 9976 9985 9984 9989 9837 9986 9987 9987 9987 9988 9980 9985 9987 9988 9939 9976 9973 9987 9985 9991 9979 9991 9985 9985 9985 9991 9981 9990 9987 9990 9985 9901 9985 9979 9991 9990 9973 9981 9991 9987 9988 9976 9991 9976 9991 9980 9987 9978 9976 10000 
9989 9979 9990 9979 9987 9988 9976 9988 9983 9987 9979 9949 9983 9975 9989 9988 9985 9987 9983 9980 9988 9987 9988 9983 9988 9980 9967 10000 9980 9990 9976 9980 9987 9977 9980 9980 9781 9976 9988 9647 9986 9983 9987 9985 9983 9758 9975 9982 9974 9975 9983 9977 9988 9979 9988 9983 9988 9987 9928 9988 9786 9988 9990 9702 9982 9991 9988 9990 9983 9983 9983 9980 9988 9991 9986 9976 9983 9976 9988 9986 9988 9983 9985 9974 9985 9977 9977 9988 9983 9986 9988 9988 9983 9990 9904 9983 9986 9974 9988 9987 9986 9986 9986 9991 9976 9988 9977 9557 9986 9961 9986 9988 9988 9991 9989 9976 9974 9979 9983 9988 9988 9990 9990 9983 9983 9988 9987 10000 
9988 9603 9990 9988 9988 9989 9589 9981 9983 9990 9663 9990 9983 9986 9984 9988 9989 9983 9983 9713 9981 9983 9979 9983 9983 9627 9991 9980 10000 9991 9988 9983 9989 9988 9918 9989 9980 9988 9987 9988 9990 9987 9989 9988 9983 9988 9986 9982 9987 9989 9983 9747 9979 9988 9987 9985 9991 9989 9979 9979 9979 9983 9988 9980 9985 9988 9988 9989 9988 9987 9987 9745 9975 9988 9983 9988 9983 9988 9988 9985 9984 9991 9990 9989 9983 9723 9981 9989 9983 9983 9988 9989 9987 9991 9980 9983 9983 9987 9984 9976 9984 9989 9989 9991 9982 9987 9816 9980 9983 9990 9983 9983 9816 9990 9986 9988 9983 9988 9989 9990 9960 9988 9985 9983 9983 9983 9991 10000 
9988 9991 9929 9988 9882 9991 9991 9989 9975 9988 9919 9983 9975 9989 9991 9991 9988 9982 9990 9987 9989 9985 9985 9990 9984 9987 9991 9990 9991 10000 9986 9990 9976 9990 9989 9633 9980 9988 9983 9983 9984 9990 9988 9981 9990 9983 9990 9988 9990 9986 9987 9991 9973 9973 9991 9991 9973 9988 9985 9985 9989 9989 9989 9989 9989 9987 9989 9669 9990 9990 9990 9990 9985 9991 9984 9988 9990 9986 9990 9990 9989 9990 9990 9986 9987 9979 9987 9990 9990 9990 9983 9978 9985 9981 9983 9982 9984 9990 9989 9991 9984 9988 9972 9734 9988 9991 9976 9990 9984 9983 9984 9989 9989 9987 9990 9990 9990 9987 9990 9981 9981 9981 9738 9990 9987 9989 9981 10000 
9990 9988 9990 9984 9944 9981 9988 9981 9978 9990 9919 9981 9978 9988 9991 9981 9992 9979 9981 9988 9981 9990 9972 9981 9983 9988 9985 9976 9988 9986 10000 9984 9990 9866 9989 9986 9982 9667 9883 9981 9983 9981 9990 9981 9985 9976 9976 9947 9985 9991 9979 9988 9989 9984 9985 9985 9983 9990 9987 9989 9982 9986 9984 9976 9990 9990 9984 9988 9981 9981 9982 9988 9989 9990 9992 9667 9981 9667 9983 9983 9986 9981 9990 9988 9979 9988 9985 9981 9984 9983 9984 9981 9987 9983 9991 9979 9983 9985 9986 9986 9983 9987 9981 9987 9783 9985 9947 9976 9983 9991 9983 9986 9989 9985 9991 9684 9862 9974 9981 9978 9989 9983 9985 9983 9979 9986 9983 10000 
9933 9983 9991 9940 9989 9976 9983 9981 9976 9992 9951 9990 9976 9982 9984 9976 9988 9974 9976 9983 9981 9982 9985 9976 9987 9983 9990 9980 9983 9990 9984 10000 9982 9988 9988 9990 9988 9988 9988 9980 9983 9988 9982 9986 9987 9980 9980 9980 9735 9980 9985 9987 9985 9989 9730 9989 9989 9982 9985 9985 9985 9985 9985 9985 9985 9847 9988 9990 9986 9988 9988 9983 9985 9988 9988 9988 9976 9988 9989 9983 9990 9986 9990 9971 9982 9983 9991 9986 9987 9983 9989 9986 9986 9990 9990 9974 9983 9725 9984 9980 9983 9976 9976 9988 9985 9647 9987 9980 9988 9990 9983 9984 9985 9815 9987 9985 9759 9904 9984 9990 9985 9990 9988 9987 9985 9990 9990 10000 
9982 9990 9677 9982 9977 9985 9989 9987 9989 9550 9990 9983 9989 9988 9987 9985 9990 9987 9990 9990 9988 9597 9984 9990 9991 9990 9982 9987 9989 9976 9990 9982 10000 9990 9985 9988 9982 9990 9981 9987 9988 9985 9597 9880 9942 9987 9988 9990 9991 9991 9987 9991 9983 9977 9989 9982 9987 9560 9983 9988 9982 9988 9989 9982 9714 9960 9987 9976 9985 9985 9985 9990 9985 9769 9991 9990 9989 9990 9987 9988 9988 9985 9983 9977 9976 9990 9988 9985 9978 9974 9977 9985 9982 9987 9983 9976 9988 9988 9987 9988 9988 9989 9989 9976 9990 9982 9990 9987 9988 9983 9988 9988 9988 9982 9988 9991 9985 9982 9985 9991 9978 9987 9983 9978 9987 9988 9987 10000 
9985 9988 9868 9984 9988 9981 9988 9986 9972 9981 9988 9991 9972 9990 9986 9981 9991 9989 9972 9984 9986 9961 9986 9972 9988 9984 9990 9977 9988 9990 9866 9988 9990 10000 9987 9973 9977 9840 9857 9955 9988 9989 9990 9981 9984 9987 9991 9988 9988 9990 9989 9782 9986 9986 9988 9990 9986 9990 9977 9984 9977 9986 9986 9977 9990 9985 9986 9973 9981 9988 9973 9988 9987 9988 9988 9853 9972 9844 9986 9988 9986 9981 9990 9988 9989 9829 9970 9981 9972 9988 9988 9981 9987 9986 9987 9989 9988 9980 9986 9986 9988 9974 9972 9973 9982 9980 9716 9977 9977 9991 9988 9986 9987 9985 9992 9883 9883 9985 9988 9978 9986 9986 9979 9984 9989 9986 9986 10000 
9991 9987 9868 9991 9988 9985 9965 9989 9991 9981 9987 9986 9987 9986 9988 9985 9991 9989 9989 9740 9990 9961 9987 9989 9983 9836 9991 9980 9918 9989 9989 9988 9985 9987 10000 9989 9989 9989 9989 9992 9981 9989 9985 9985 9989 9986 9986 9991 9989 9986 9983 9987 9848 9987 9986 9987 9987 9985 9943 9862 9991 9990 9988 9992 9985 9988 9988 9985 9985 9986 9989 9929 9792 9985 9983 9989 9989 9989 9988 9992 9990 9986 9991 9989 9983 9987 9981 9985 9992 9983 9988 9985 9989 9988 9971 9983 9983 9984 9984 9982 9992 9989 9989 9985 9989 9988 9987 9992 9983 9992 9983 9990 9735 9988 9986 9989 9980 9988 9986 9990 9777 9988 9985 9985 9983 9990 9990 10000 
9988 9989 9869 9988 9890 9991 9989 9989 9971 9981 9976 9983 9971 9991 9991 9991 9988 9982 9990 9989 9989 9962 9985 9990 9984 9991 9991 9980 9989 9633 9986 9990 9988 9973 9989 10000 9980 9988 9983 9983 9984 9990 9988 9981 9990 9983 9981 9988 9990 9986 9987 9991 9973 9973 9991 9991 9973 9988 9985 9985 9989 9989 9989 9989 9989 9987 9989 9683 9990 9990 9990 9990 9985 9991 9984 9988 9990 9986 9990 9990 9989 9990 9990 9986 9987 9979 9987 9990 9990 9990 9987 9978 9985 9981 9983 9982 9984 9990 9989 9991 9984 9988 9972 9740 9988 9991 9976 9980 9984 9983 9984 9989 9989 9987 9990 9988 9990 9987 9990 9981 9981 9981 9752 9990 9987 9989 9981 10000 
9992 9979 9869 9985 9890 9988 9980 9988 9989 9981 9979 9991 9987 9988 9991 9988 9985 9952 9975 9980 9988 9962 9988 9975 9986 9980 9988 9781 9980 9980 9982 9988 9982 9977 9989 9980 10000 9982 9989 9871 9986 9983 9982 9985 9991 9982 9988 9982 9988 9988 9983 9977 9988 9990 9988 9990 9988 9982 9890 9988 9748 9988 9990 9782 9982 9989 9988 9980 9983 9983 9983 9980 9988 9991 9986 9982 9991 9982 9988 9986 9988 9983 9991 9985 9985 9977 9977 9988 9985 9986 9988 9988 9984 9988 9991 9983 9986 9988 9988 9988 9986 9988 9988 9980 9982 9988 9977 9743 9986 9991 9986 9988 9988 9989 9991 9982 9988 9988 9983 9988 9988 9988 9980 9991 9983 9988 9985 10000 
9989 9984 9990 9984 9988 9981 9988 9986 9978 9990 9988 9981 9978 9985 9991 9981 9890 9979 9987 9988 9986 9990 9987 9987 9982 9988 9981 9976 9988 9988 9667 9988 9990 9840 9989 9988 9982 10000 9982 9986 9982 9981 9990 9981 9985 9986 9985 9781 9988 9985 9979 9984 9987 9984 9987 9981 9984 9987 9987 9989 9982 9986 9984 9982 9990 9989 9984 9988 9981 9980 9990 9988 9989 9990 9989 9488 9970 9479 9868 9868 9886 9926 9926 9926 9926 9972 9970 9972 9975 9975 9975 9981 9982 9984 9989 9979 9982 9988 9986 9985 9982 9987 9978 9988 9617 9988 9921 9982 9982 9989 9982 9986 9989 9988 9989 9606 9988 9989 9980 9983 9989 9984 9986 9986 9986 9986 9984 10000 
9989 9987 9987 9989 9983 9986 9987 9986 9991 9981 9987 9989 9991 9988 9989 9974 9979 9980 9991 9988 9986 9990 9988 9991 9982 9988 9979 9988 9987 9983 9883 9988 9981 9857 9989 9983 9989 9982 10000 9988 9988 9837 9988 9988 9988 9988 9988 9988 9988 9988 9988 9984 9989 9991 9988 9979 9988 9990 9983 9989 9989 9989 9989 9989 9988 9988 9988 9987 9989 9930 9833 9879 9963 9963 9963 9982 9989 9982 9991 9988 9990 9989 9987 9987 9988 9984 9990 9974 9991 9988 9988 9974 9979 9991 9988 9962 9989 9987 9990 9988 9988 9974 9986 9983 9988 9988 9984 9988 9989 9990 9988 9990 9989 9988 9989 9982 9987 9989 9989 9991 9989 9991 9983 9983 9988 9990 9991 10000 
9989 9986 9990 9985 9990 9988 9988 9988 9983 9987 9979 9821 9983 9975 9988 9989 9986 9991 9983 9986 9988 9987 9992 9983 9988 9986 9990 9647 9988 9983 9981 9980 9987 9955 9992 9983 9871 9986 9988 10000 9988 9983 9987 9985 9983 9630 9975 9986 9974 9975 9991 9979 9992 9979 9989 9983 9987 9987 9992 9991 9876 9990 9987 9791 9989 9989 9988 9983 9983 9983 9983 9986 9980 9989 9988 9986 9983 9986 9987 9990 9990 9983 9989 9974 9991 9979 9987 9988 9983 9988 9988 9988 9983 9987 9776 9991 9988 9974 9988 9987 9988 9986 9986 9983 9986 9992 9979 9616 9988 9833 9988 9981 9986 9989 9951 9976 9974 9979 9983 9988 9980 9987 9983 9983 9986 9990 9987 10000 
9983 9987 9988 9983 9989 9991 9990 9983 9985 9988 9986 9973 9985 9988 9988 9991 9980 9988 9989 9986 9983 9988 9991 9985 9760 9986 9985 9986 9990 9984 9983 9983 9988 9988 9981 9984 9986 9982 9988 9988 10000 9991 9988 9990 9989 9988 9988 9980 9987 9974 9974 9987 9988 9986 9990 9985 9986 9988 9975 9988 9975 9990 9986 9975 9988 9983 9986 9988 9989 9989 9991 9991 9986 9988 9790 9983 9985 9982 9986 9692 9986 9986 9973 9986 9986 9987 9887 9989 9989 9562 9986 9987 9985 9990 9973 9984 9664 9990 9988 9984 9596 9985 9985 9988 9980 9990 9987 9975 9685 9973 9542 9990 9986 9983 9973 9983 9990 9983 9991 9990 9991 9986 9986 9986 9974 9990 9983 10000 
9988 9987 9985 9985 9990 9978 9987 9987 9986 9985 9987 9982 9986 9988 9987 9989 9980 9985 9986 9986 9990 9985 9987 9986 9989 9990 9987 9983 9987 9990 9981 9988 9985 9989 9989 9990 9983 9981 9837 9983 9991 10000 9985 9937 9987 9982 9988 9981 9972 9985 9985 9989 9986 9968 9968 9968 9968 9985 9986 9985 9983 9990 9989 9983 9984 9985 9985 9987 9800 9654 9629 9987 9985 9984 9982 9981 9986 9981 9985 9991 9990 9754 9987 9972 9985 9989 9989 9978 9987 9991 9985 9978 9988 9991 9982 9985 9982 9992 9987 9988 9982 9986 9986 9987 9981 9988 9989 9983 9986 9982 9991 9990 9985 9988 9982 9981 9990 9985 9744 9991 9986 9991 9987 9987 9985 9987 9991 10000 
9982 9990 9770 9982 9988 9985 9989 9987 9989 9644 9990 9983 9989 9980 9987 9985 9990 9987 9990 9983 9988 9541 9984 9990 9991 9983 9980 9987 9989 9988 9990 9982 9597 9990 9985 9988 9982 9990 9988 9987 9988 9985 10000 9985 9983 9987 9977 9990 9988 9980 9987 9991 9983 9978 9988 9990 9978 9543 9983 9985 9991 9988 9978 9991 9807 9982 9978 9987 9985 9985 9989 9989 9985 9863 9989 9990 9989 9990 9978 9991 9988 9985 9983 9988 9987 9990 9988 9985 9978 9991 9978 9985 9979 9987 9987 9987 9991 9988 9987 9980 9975 9990 9990 9987 9990 9982 9990 9987 9991 9983 9991 9988 9985 9982 9988 9991 9988 9982 9985 9979 9983 9978 9984 9978 9987 9988 9987 10000 
9982 9986 9991 9987 9990 9865 9989 9988 9988 9927 9986 9988 9988 9988 9989 9885 9989 9985 9988 9985 9988 9985 9991 9988 9989 9978 9988 9985 9988 9981 9981 9986 9880 9981 9985 9981 9985 9981 9988 9985 9990 9937 9985 10000 9988 9985 9988 9989 9986 9988 9985 9986 9985 9988 9976 9988 9988 9985 9988 9989 9985 9984 9988 9985 9991 9987 9988 9989 9716 9925 9953 9953 9953 9953 9953 9981 9988 9981 9988 9986 9988 9735 9988 9972 9985 9986 9988 9787 9987 9989 9988 9784 9991 9988 9990 9985 9989 9986 9988 9988 9989 9988 9988 9990 9990 9984 9986 9985 9988 9988 9989 9988 9985 9987 9991 9981 9986 9986 9939 9991 9985 9988 9990 9988 9985 9988 9988 10000 
9982 9983 9985 9986 9989 9982 9983 9979 9795 9978 9983 9981 9770 9979 9992 9982 9990 9984 9863 9985 9979 9978 9991 9809 9989 9985 9980 9983 9983 9990 9985 9987 9942 9984 9989 9990 9991 9985 9988 9983 9989 9987 9983 9988 10000 9983 9979 9983 9987 9991 9984 9983 9980 9983 9987 9980 9983 9978 9980 9989 9989 9989 9983 9984 9985 9990 9983 9975 9982 9987 9991 9985 9991 9985 9989 9985 9816 9985 9983 9991 9979 9988 9981 9987 9984 9983 9984 9982 9654 9989 9983 9982 9979 9983 9981 9984 9989 9987 9979 9979 9989 9988 9988 9990 9985 9987 9983 9983 9989 9981 9989 9979 9992 9990 9981 9985 9987 9986 9987 9983 9980 9983 9985 9687 9984 9979 9983 10000 
9989 9986 9990 9989 9982 9983 9988 9988 9983 9987 9988 9788 9983 9975 9988 9983 9986 9991 9983 9978 9990 9987 9973 9983 9983 9978 9988 9758 9988 9983 9976 9980 9987 9987 9986 9983 9982 9986 9988 9630 9988 9982 9987 9985 9983 10000 9975 9986 9974 9975 9991 9986 9973 9979 9989 9983 9987 9987 9973 9991 9982 9990 9987 9902 9985 9989 9979 9983 9984 9984 9988 9986 9980 9986 9990 9986 9983 9986 9987 9990 9990 9984 9989 9974 9991 9986 9987 9989 9983 9990 9979 9989 9983 9987 9743 9991 9990 9974 9988 9987 9984 9983 9983 9983 9986 9989 9986 9727 9990 9800 9990 9990 9986 9989 9918 9976 9974 9979 9984 9988 9973 9987 9983 9983 9991 9990 9987 10000 
9983 9991 9988 9983 9978 9978 9991 9989 9986 9991 9988 9989 9986 9723 9976 9978 9985 9980 9983 9976 9992 9977 9989 9983 9991 9976 9967 9975 9986 9990 9976 9980 9988 9991 9986 9981 9988 9985 9988 9975 9988 9988 9977 9988 9979 9975 10000 9985 9980 9723 9975 9987 9989 9985 9980 9981 9985 9991 9989 9989 9989 9989 9985 9975 9991 9988 9985 9991 9978 9978 9978 9978 9978 9978 9978 9985 9991 9985 9985 9988 9985 9988 9991 9982 9980 9988 9985 9978 9991 9991 9985 9978 9988 9985 9991 9980 9991 9980 9984 9769 9992 9978 9978 9983 9985 9980 9987 9975 9992 9986 9991 9992 9976 9986 9986 9985 9980 9988 9989 9988 9989 9985 9988 9979 9980 9992 9985 10000 
9988 9984 9990 9988 9986 9989 9982 9991 9982 9991 9982 9989 9982 9985 9985 9991 9741 9979 9988 9991 9988 9990 9990 9985 9982 9991 9981 9982 9982 9988 9947 9980 9990 9988 9991 9988 9982 9781 9988 9986 9980 9981 9990 9989 9983 9986 9985 10000 9988 9985 9979 9984 9990 9984 9988 9981 9984 9990 9988 9990 9985 9990 9984 9986 9990 9988 9984 9988 9989 9981 9989 9989 9990 9989 9980 9756 9985 9825 9984 9982 9988 9989 9989 9939 9979 9984 9984 9989 9982 9980 9984 9989 9982 9984 9981 9979 9982 9988 9991 9985 9990 9989 9989 9989 9636 9988 9984 9982 9982 9981 9980 9988 9990 9988 9989 9870 9991 9988 9989 9988 9990 9984 9988 9986 9979 9991 9984 10000 
9983 9987 9984 9987 9985 9976 9987 9988 9986 9991 9983 9990 9986 9980 9987 9976 9990 9984 9981 9983 9988 9988 9985 9981 9987 9983 9986 9974 9987 9990 9985 9735 9991 9988 9989 9990 9988 9988 9988 9974 9987 9972 9988 9986 9987 9974 9980 9988 10000 9980 9984 9987 9985 9989 9827 9986 9990 9988 9985 9985 9988 9990 9990 9974 9984 9982 9989 9990 9986 9988 9988 9983 9985 9984 9987 9988 9986 9988 9990 9987 9988 9986 9986 9797 9984 9983 9991 9986 9986 9987 9985 9986 9990 9990 9990 9974 9982 9686 9982 9980 9990 9976 9976 9990 9988 9803 9987 9974 9987 9990 9987 9984 9985 9971 9971 9988 9744 9983 9972 9987 9985 9990 9984 9987 9984 9990 9990 10000 
9983 9989 9988 9983 9988 9978 9989 9984 9991 9991 9989 9989 9991 9686 9984 9978 9985 9970 9988 9976 9992 9980 9987 9988 9990 9976 9979 9975 9989 9986 9991 9980 9991 9990 9986 9986 9988 9985 9988 9975 9974 9985 9980 9988 9991 9975 9723 9985 9980 10000 9831 9985 9985 9985 9985 9979 9978 9985 9985 9985 9985 9985 9985 9975 9985 9985 9985 9985 9979 9985 9985 9985 9985 9985 9985 9985 9990 9985 9978 9990 9990 9985 9990 9982 9979 9989 9990 9979 9984 9984 9985 9979 9988 9978 9989 9931 9990 9980 9984 9751 9990 9979 9979 9979 9985 9980 9989 9975 9990 9989 9984 9992 9986 9988 9988 9988 9980 9976 9985 9978 9987 9978 9985 9985 9853 9984 9978 10000 
9990 9983 9991 9985 9987 9985 9983 9988 9984 9987 9983 9989 9984 9956 9984 9985 9985 9626 9991 9984 9988 9987 9987 9991 9991 9983 9979 9983 9983 9987 9979 9985 9987 9989 9983 9987 9983 9979 9988 9991 9974 9985 9987 9985 9984 9991 9975 9979 9984 9831 10000 9983 9987 9991 9985 9979 9978 9987 9987 9983 9984 9988 9984 9984 9984 9985 9984 9979 9985 9985 9985 9991 9983 9988 9973 9979 9984 9979 9978 9973 9988 9985 9990 9984 9634 9983 9987 9985 9984 9973 9991 9985 9979 9978 9989 9586 9973 9986 9988 9991 9973 9985 9985 9989 9979 9985 9983 9987 9973 9989 9973 9988 9983 9985 9989 9979 9986 9985 9985 9978 9987 9978 9989 9988 9586 9988 9988 10000 
9975 9704 9988 9988 9988 9986 9755 9984 9972 9991 9730 9990 9972 9989 9984 9986 9986 9983 9972 9926 9985 9988 9979 9972 9988 9840 9987 9977 9747 9991 9988 9987 9991 9782 9987 9991 9977 9984 9984 9979 9987 9989 9991 9986 9983 9986 9987 9984 9987 9985 9983 10000 9986 9988 9987 9985 9979 9991 9977 9984 9977 9989 9988 9977 9985 9975 9988 9973 9986 9988 9987 9947 9987 9988 9988 9984 9972 9984 9988 9987 9984 9986 9990 9989 9983 9538 9986 9986 9972 9987 9988 9986 9988 9979 9987 9983 9987 9987 9984 9989 9987 9974 9972 9973 9984 9980 9560 9977 9977 9990 9987 9985 9987 9975 9992 9984 9987 9988 9989 9991 9986 9988 9982 9983 9983 9985 9981 10000 
9988 9979 9983 9986 9988 9985 9979 9987 9980 9983 9979 9973 9980 9989 9988 9985 9986 9984 9988 9852 9987 9983 9733 9988 9989 9948 9991 9988 9979 9973 9989 9985 9983 9986 9848 9973 9988 9987 9989 9992 9988 9986 9983 9985 9980 9973 9989 9990 9985 9985 9987 9986 10000 9988 9980 9991 9988 9983 9649 9716 9767 9803 9803 9803 9853 9853 9894 9894 9985 9985 9985 9983 9718 9987 9987 9989 9988 9989 9987 9989 9987 9985 9986 9985 9984 9985 9985 9982 9986 9988 9988 9982 9987 9987 9973 9984 9988 9985 9987 9979 9988 9989 9988 9985 9989 9980 9985 9988 9988 9973 9988 9987 9694 9980 9973 9989 9985 9991 9985 9982 9553 9987 9989 9980 9987 9987 9987 10000 
9991 9988 9990 9989 9782 9988 9988 9988 9988 9977 9988 9990 9988 9985 9991 9988 9986 9985 9988 9988 9987 9978 9939 9988 9989 9987 9980 9979 9988 9973 9984 9989 9977 9986 9987 9973 9990 9984 9991 9979 9986 9968 9978 9988 9983 9979 9985 9984 9989 9985 9991 9988 9988 10000 9989 9980 9824 9977 9989 9988 9990 9981 9737 9979 9990 9991 9622 9986 9987 9987 9987 9985 9988 9977 9988 9984 9988 9984 9778 9989 9981 9987 9988 9990 9991 9981 9986 9988 9983 9989 9611 9988 9986 9837 9990 9991 9989 9989 9982 9985 9989 9988 9988 9985 9984 9989 9986 9979 9989 9990 9991 9981 9988 9989 9989 9984 9986 9991 9987 9986 9988 9806 9991 9983 9988 9981 9851 10000 
9982 9987 9991 9987 9989 9976 9987 9988 9976 9989 9987 9991 9976 9980 9987 9976 9986 9985 9976 9987 9987 9988 9939 9976 9987 9987 9987 9988 9987 9991 9985 9730 9989 9988 9986 9991 9988 9987 9988 9989 9990 9968 9988 9976 9987 9989 9980 9988 9827 9985 9985 9987 9980 9989 10000 9990 9990 9988 9980 9980 9988 9991 9989 9985 9992 9904 9989 9991 9976 9990 9992 9989 9980 9989 9987 9988 9976 9988 9991 9987 9991 9976 9990 9982 9985 9987 9992 9976 9987 9987 9989 9976 9992 9991 9988 9985 9987 9813 9987 9980 9990 9976 9976 9984 9988 9729 9987 9985 9990 9990 9987 9991 9980 9873 9948 9988 9847 9961 9991 9991 9980 9991 9992 9987 9985 9991 9991 10000 
9987 9985 9982 9987 9988 9988 9985 9979 9985 9982 9985 9931 9985 9979 9991 9988 9986 9987 9988 9987 9979 9990 9939 9988 9985 9987 9743 9983 9985 9991 9985 9989 9982 9990 9987 9991 9990 9981 9979 9983 9985 9968 9990 9988 9980 9983 9981 9981 9986 9979 9979 9985 9991 9980 9990 10000 9980 9982 9989 9991 9990 9979 9980 9983 9982 9990 9980 9991 9988 9988 9988 9987 9988 9982 9988 9981 9985 9981 9976 9985 9979 9991 9842 9986 9987 9985 9992 9988 9990 9985 9980 9988 9898 9976 9984 9982 9985 9988 9991 9979 9985 9985 9985 9991 9981 9990 9990 9983 9985 9906 9986 9979 9991 9990 9973 9981 9991 9988 9987 9976 9988 9976 9983 9990 9987 9978 9976 10000 
9986 9982 9987 9991 9980 9990 9982 9989 9988 9987 9983 9990 9988 9985 9989 9990 9986 9990 9988 9988 9987 9978 9939 9988 9988 9987 9984 9988 9991 9973 9983 9989 9987 9986 9987 9973 9988 9984 9988 9987 9986 9968 9978 9988 9983 9987 9985 9984 9990 9978 9978 9979 9988 9824 9990 9980 10000 9978 9988 9988 9988 9985 9825 9988 9987 9987 9791 9991 9985 9985 9989 9991 9984 9990 9984 9983 9988 9983 9717 9988 9985 9985 9990 9987 9992 9981 9985 9990 9983 9988 9755 9990 9983 9730 9990 9978 9988 9990 9989 9985 9988 9988 9988 9985 9983 9991 9986 9988 9988 9990 9985 9985 9988 9989 9991 9983 9986 9991 9985 9902 9988 9717 9990 9983 9978 9985 9744 10000 
9982 9990 9733 9982 9977 9985 9989 9987 9988 9607 9990 9983 9988 9980 9987 9985 9986 9987 9990 9983 9988 9543 9984 9990 9991 9983 9982 9987 9989 9988 9990 9982 9560 9990 9985 9988 9982 9987 9990 9987 9988 9985 9543 9985 9978 9987 9991 9990 9988 9985 9987 9991 9983 9977 9988 9982 9978 10000 9983 9985 9991 9988 9978 9991 9770 9982 9978 9987 9984 9984 9984 9989 9985 9826 9989 9990 9989 9990 9978 9991 9988 9984 9983 9977 9987 9990 9988 9985 9978 9991 9978 9985 9981 9987 9987 9987 9991 9988 9987 9980 9975 9990 9990 9987 9990 9982 9990 9987 9991 9983 9991 9988 9985 9982 9988 9991 9988 9982 9984 9979 9983 9978 9984 9978 9983 9988 9987 10000 
9989 9979 9983 9986 9989 9982 9979 9988 9980 9983 9979 9973 9980 9989 9988 9982 9985 9984 9988 9948 9988 9983 9714 9988 9975 9979 9989 9928 9979 9985 9987 9985 9983 9977 9943 9985 9890 9987 9983 9992 9975 9986 9983 9988 9980 9973 9989 9988 9985 9985 9987 9977 9649 9989 9980 9989 9988 9983 10000 9797 9868 9988 9989 9929 9983 9980 9988 9989 9988 9986 9986 9988 9813 9983 9975 9987 9980 9987 9982 9975 9988 9988 9986 9985 9987 9977 9985 9984 9986 9975 9989 9984 9988 9982 9973 9987 9975 9985 9984 9989 9975 9984 9984 9984 9987 9980 9977 9887 9975 9973 9975 9988 9789 9980 9973 9983 9985 9987 9988 9982 9642 9982 9989 9990 9987 9988 9982 10000 
9988 9979 9985 9987 9988 9991 9979 9991 9988 9988 9988 9992 9988 9989 9988 9991 9988 9984 9988 9866 9990 9985 9884 9988 9990 9962 9991 9988 9979 9985 9989 9985 9988 9984 9862 9985 9988 9989 9989 9991 9988 9985 9985 9989 9989 9991 9989 9990 9985 9985 9983 9984 9716 9988 9980 9991 9988 9985 9797 10000 9988 9990 9988 9988 9985 9980 9988 9989 9985 9985 9985 9992 9732 9985 9992 9989 9988 9989 9987 9988 9990 9985 9986 9985 9983 9984 9988 9991 9988 9991 9988 9991 9991 9987 9971 9983 9984 9984 9984 9989 9988 9982 9982 9990 9989 9980 9984 9988 9988 9992 9989 9990 9716 9980 9986 9989 9980 9987 9985 9987 9716 9987 9989 9989 9983 9990 9987 10000 
9992 9979 9989 9987 9990 9992 9979 9988 9989 9982 9979 9991 9991 9989 9991 9992 9985 9987 9986 9948 9988 9991 9988 9986 9986 9989 9991 9786 9979 9989 9982 9985 9982 9977 9991 9989 9748 9982 9989 9876 9975 9983 9991 9985 9989 9982 9989 9985 9988 9985 9984 9977 9767 9990 9988 9990 9988 9991 9868 9988 10000 9988 9990 9787 9982 9988 9988 9980 9983 9983 9983 9980 9988 9991 9986 9982 9991 9982 9988 9986 9988 9983 9991 9985 9985 9977 9977 9988 9985 9986 9988 9988 9984 9988 9991 9983 9986 9988 9988 9988 9986 9988 9988 9980 9982 9988 9977 9745 9986 9991 9986 9988 9988 9989 9991 9982 9988 9988 9983 9988 9988 9988 9980 9989 9983 9988 9985 10000 
9989 9990 9988 9988 9981 9984 9983 9804 9988 9988 9992 9990 9988 9989 9987 9984 9988 9988 9986 9948 9723 9985 9987 9986 9988 9985 9979 9988 9983 9989 9986 9985 9988 9986 9990 9989 9988 9986 9989 9990 9990 9990 9988 9984 9989 9990 9989 9990 9990 9985 9988 9989 9803 9981 9991 9979 9985 9988 9988 9990 9988 10000 9985 9989 9981 9990 9990 9989 9984 9991 9990 9983 9990 9981 9988 9986 9986 9986 9984 9988 9680 9984 9979 9978 9988 9992 9983 9984 9989 9990 9990 9984 9988 9895 9971 9988 9988 9990 9924 9974 9988 9991 9991 9989 9987 9991 9986 9988 9988 9985 9990 9680 9990 9991 9985 9987 9990 9990 9987 9885 9990 9885 9989 9990 9990 9680 9834 10000 
9991 9988 9989 9987 9907 9989 9988 9981 9988 9989 9988 9989 9988 9985 9990 9989 9984 9992 9988 9948 9985 9978 9988 9988 9989 9985 9980 9990 9988 9989 9984 9985 9989 9986 9988 9989 9990 9984 9989 9987 9986 9989 9978 9988 9983 9987 9985 9984 9990 9985 9984 9988 9803 9737 9989 9980 9825 9978 9989 9988 9990 9985 10000 9852 9852 9852 9736 9867 9965 9965 9965 9965 9965 9965 9965 9984 9988 9984 9778 9916 9984 9988 9980 9990 9992 9988 9986 9988 9983 9989 9736 9988 9985 9837 9989 9988 9989 9989 9981 9985 9989 9988 9988 9991 9984 9991 9986 9987 9990 9980 9989 9985 9988 9991 9989 9984 9990 9991 9991 9982 9988 9805 9873 9873 9873 9990 9852 10000 
9992 9979 9989 9985 9990 9988 9980 9989 9984 9982 9979 9989 9984 9975 9989 9988 9985 9987 9984 9948 9989 9991 9988 9984 9986 9980 9967 9702 9980 9989 9976 9985 9982 9977 9992 9989 9782 9982 9989 9791 9975 9983 9991 9985 9984 9902 9975 9986 9974 9975 9984 9977 9803 9979 9985 9983 9988 9991 9929 9988 9787 9989 9852 10000 9982 9988 9988 9990 9983 9983 9983 9980 9988 9989 9986 9976 9984 9976 9988 9986 9989 9983 9985 9974 9985 9977 9977 9988 9984 9986 9988 9988 9983 9988 9989 9983 9986 9974 9989 9988 9986 9986 9986 9991 9976 9988 9977 9702 9986 9989 9986 9989 9988 9989 9989 9976 9974 9985 9983 9988 9988 9988 9990 9984 9983 9989 9987 10000 
9989 9985 9630 9985 9988 9988 9985 9987 9990 9694 9991 9983 9990 9991 9987 9988 9988 9987 9990 9948 9983 9807 9988 9990 9991 9985 9982 9982 9985 9989 9990 9985 9714 9990 9985 9989 9982 9990 9988 9989 9988 9984 9807 9991 9985 9985 9991 9990 9984 9985 9984 9985 9853 9990 9992 9982 9987 9770 9983 9985 9982 9981 9852 9982 10000 9985 9987 9980 9984 9984 9984 9986 9985 9731 9981 9990 9990 9990 9987 9988 9981 9984 9983 9977 9976 9988 9962 9988 9989 9988 9987 9988 9982 9987 9983 9987 9987 9987 9987 9987 9987 9986 9986 9989 9991 9985 9985 9991 9988 9983 9988 9981 9985 9985 9985 9991 9985 9989 9984 9991 9985 9987 9900 9989 9983 9981 9987 10000 
9754 9988 9985 9761 9991 9987 9988 9990 9976 9960 9988 9989 9976 9988 9992 9988 9988 9985 9976 9948 9990 9982 9980 9976 9988 9991 9990 9991 9988 9987 9990 9847 9960 9985 9988 9987 9989 9989 9988 9989 9983 9985 9982 9987 9990 9989 9988 9988 9982 9985 9985 9975 9853 9991 9904 9990 9987 9982 9980 9980 9988 9990 9852 9988 9985 10000 9991 9987 9987 9988 9988 9989 9980 9991 9991 9989 9976 9989 9989 9989 9989 9987 9990 9982 9985 9975 9975 9987 9990 9983 9989 9987 9988 9982 9985 9985 9983 9987 9992 9983 9983 9976 9976 9988 9989 9805 9975 9989 9991 9989 9983 9990 9980 9706 9979 9990 9986 9724 9991 9982 9980 9982 9988 9990 9985 9990 9990 10000 
9991 9988 9987 9987 9793 9988 9988 9988 9988 9987 9988 9990 9988 9985 9991 9988 9984 9985 9988 9948 9987 9978 9988 9988 9989 9985 9987 9988 9988 9989 9984 9988 9987 9986 9988 9989 9988 9984 9988 9988 9986 9985 9978 9988 9983 9979 9985 9984 9989 9985 9984 9988 9894 9622 9989 9980 9791 9978 9988 9988 9988 9990 9736 9988 9987 9991 10000 9857 9965 9965 9965 9965 9965 9965 9965 9984 9988 9984 9744 9916 9984 9987 9987 9989 9985 9988 9986 9990 9983 9989 9588 9990 9985 9803 9989 9985 9989 9989 9981 9985 9989 9988 9988 9991 9984 9989 9986 9987 9990 9987 9989 9990 9988 9991 9991 9984 9989 9989 9985 9975 9988 9771 9873 9873 9873 9990 9818 10000 
9985 9989 9857 9985 9939 9991 9989 9989 9971 9976 9981 9983 9971 9991 9990 9991 9988 9982 9990 9948 9989 9985 9989 9990 9984 9984 9991 9990 9989 9669 9988 9990 9976 9973 9985 9683 9980 9988 9987 9983 9988 9987 9987 9989 9975 9983 9991 9988 9990 9985 9979 9973 9894 9986 9991 9991 9991 9987 9989 9989 9980 9989 9867 9990 9980 9987 9857 10000 9990 9990 9987 9987 9989 9991 9984 9988 9990 9990 9986 9990 9989 9990 9990 9990 9979 9979 9989 9990 9985 9990 9990 9978 9985 9981 9983 9982 9984 9990 9989 9988 9984 9991 9972 9734 9988 9985 9988 9990 9984 9983 9984 9989 9989 9987 9985 9988 9990 9987 9990 9981 9989 9981 9666 9985 9986 9989 9981 10000 
9987 9986 9984 9987 9987 9775 9989 9988 9988 9985 9986 9988 9988 9978 9989 9795 9989 9985 9988 9985 9988 9985 9991 9988 9989 9982 9988 9983 9988 9990 9981 9986 9985 9981 9985 9990 9983 9981 9989 9983 9989 9800 9985 9716 9982 9984 9978 9989 9986 9979 9985 9986 9985 9987 9976 9988 9985 9984 9988 9985 9983 9984 9965 9983 9984 9987 9965 9990 10000 9830 9900 9988 9985 9984 9988 9981 9988 9981 9985 9991 9988 9598 9926 9972 9985 9986 9984 9698 9987 9989 9987 9696 9914 9978 9978 9985 9989 9986 9988 9976 9989 9903 9944 9944 9990 9976 9986 9983 9983 9988 9989 9988 9985 9987 9975 9981 9986 9987 9801 9985 9985 9985 9990 9988 9985 9988 9985 10000 
9987 9987 9984 9985 9987 9835 9987 9984 9986 9985 9987 9982 9986 9978 9987 9835 9980 9985 9986 9985 9984 9985 9987 9986 9989 9985 9988 9983 9987 9990 9981 9988 9985 9988 9986 9990 9983 9980 9930 9983 9989 9654 9985 9925 9987 9984 9978 9981 9988 9985 9985 9988 9985 9987 9990 9988 9985 9984 9986 9985 9983 9991 9965 9983 9984 9988 9965 9990 9830 10000 9723 9976 9985 9984 9990 9988 9986 9988 9985 9989 9991 9785 9881 9935 9953 9989 9984 9978 9982 9989 9985 9978 9988 9985 9975 9985 9989 9992 9987 9991 9989 9978 9978 9990 9989 9988 9988 9983 9983 9982 9989 9991 9985 9988 9975 9986 9979 9985 9772 9985 9985 9985 9990 9987 9985 9987 9985 10000 
9988 9987 9985 9985 9988 9863 9987 9987 9986 9985 9987 9988 9986 9978 9987 9863 9980 9985 9983 9985 9990 9989 9987 9983 9989 9985 9987 9983 9987 9990 9982 9988 9985 9973 9989 9990 9983 9990 9833 9983 9991 9629 9989 9953 9991 9988 9978 9989 9988 9985 9985 9987 9985 9987 9992 9988 9989 9984 9986 9985 9983 9990 9965 9983 9984 9988 9965 9987 9900 9723 10000 9987 9985 9984 9988 9982 9986 9982 9989 9988 9990 9854 9975 9988 9985 9987 9984 9979 9986 9991 9987 9979 9988 9989 9982 9985 9988 9992 9987 9988 9988 9986 9986 9979 9986 9988 9987 9983 9986 9982 9991 9990 9985 9988 9975 9982 9982 9985 9842 9989 9986 9989 9987 9988 9985 9987 9989 10000 
9989 9803 9990 9989 9989 9863 9781 9984 9985 9990 9863 9988 9985 9978 9984 9863 9989 9991 9988 9746 9991 9989 9988 9988 9983 9746 9989 9980 9745 9990 9988 9983 9990 9988 9929 9990 9980 9988 9879 9986 9991 9987 9989 9953 9985 9986 9978 9989 9983 9985 9991 9947 9983 9985 9989 9987 9991 9989 9988 9992 9980 9983 9965 9980 9986 9989 9965 9987 9988 9976 9987 10000 9983 9988 9983 9988 9989 9988 9988 9985 9983 9982 9991 9989 9991 9923 9981 9989 9991 9983 9991 9989 9983 9991 9986 9991 9983 9983 9984 9976 9984 9989 9989 9991 9974 9991 9986 9980 9983 9991 9983 9983 9827 9990 9986 9988 9983 9989 9989 9990 9971 9991 9991 9985 9984 9983 9991 10000 
9991 9983 9985 9987 9988 9863 9983 9991 9987 9985 9987 9988 9987 9978 9991 9863 9988 9984 9988 9797 9990 9985 9900 9988 9989 9893 9991 9988 9975 9985 9989 9985 9985 9987 9792 9985 9988 9989 9963 9980 9986 9985 9985 9953 9991 9980 9978 9990 9985 9985 9983 9987 9718 9988 9980 9988 9984 9985 9813 9732 9988 9990 9965 9988 9985 9980 9965 9989 9985 9985 9985 9983 10000 9985 9988 9989 9988 9989 9987 9988 9990 9985 9986 9985 9983 9987 9981 9985 9988 9991 9988 9985 9990 9987 9971 9983 9984 9984 9984 9984 9988 9982 9982 9990 9989 9980 9987 9988 9988 9992 9989 9990 9662 9980 9986 9989 9980 9987 9985 9987 9662 9987 9989 9989 9983 9990 9987 10000 
9991 9988 9731 9985 9977 9863 9988 9987 9987 9749 9987 9988 9987 9978 9987 9863 9992 9976 9990 9932 9983 9863 9988 9990 9991 9932 9982 9991 9988 9991 9990 9988 9769 9988 9985 9991 9991 9990 9963 9989 9988 9984 9863 9953 9985 9986 9978 9989 9984 9985 9988 9988 9987 9977 9989 9982 9990 9826 9983 9985 9991 9981 9965 9989 9731 9991 9965 9991 9984 9984 9984 9988 9985 10000 9991 9990 9990 9990 9989 9988 9988 9984 9983 9977 9976 9982 9962 9988 9985 9974 9977 9988 9982 9988 9983 9976 9988 9989 9987 9989 9988 9988 9988 9976 9983 9989 9990 9991 9988 9983 9988 9989 9988 9992 9988 9991 9989 9985 9984 9991 9988 9990 9944 9990 9990 9989 9991 10000 
9991 9988 9981 9991 9988 9863 9988 9988 9987 9991 9987 9973 9987 9978 9988 9863 9982 9991 9989 9932 9988 9989 9990 9985 9750 9932 9985 9986 9983 9984 9992 9988 9991 9988 9983 9984 9986 9989 9963 9988 9790 9982 9989 9953 9989 9990 9978 9980 9987 9985 9973 9988 9987 9988 9987 9988 9984 9989 9975 9992 9986 9988 9965 9986 9981 9991 9965 9984 9988 9990 9988 9983 9988 9991 10000 9982 9985 9982 9985 9842 9988 9989 9972 9987 9991 9988 9989 9989 9989 9750 9991 9987 9985 9985 9973 9991 9767 9988 9988 9991 9788 9985 9985 9984 9982 9990 9988 9975 9783 9973 9749 9988 9983 9983 9973 9986 9988 9989 9991 9984 9992 9985 9984 9989 9991 9988 9985 10000 
9989 9984 9990 9984 9988 9981 9988 9986 9978 9990 9988 9981 9978 9985 9991 9981 9866 9979 9981 9988 9986 9990 9987 9981 9982 9988 9981 9976 9988 9988 9667 9988 9990 9853 9989 9988 9982 9488 9982 9986 9983 9981 9990 9981 9985 9986 9985 9756 9988 9985 9979 9984 9989 9984 9988 9981 9983 9990 9987 9989 9982 9986 9984 9976 9990 9989 9984 9988 9981 9988 9982 9988 9989 9990 9982 10000 9981 9532 9983 9982 9986 9981 9989 9990 9979 9973 9984 9981 9984 9983 9984 9981 9987 9983 9989 9979 9982 9985 9986 9986 9983 9987 9981 9989 9592 9990 9934 9976 9982 9989 9983 9986 9989 9985 9989 9607 9862 9989 9981 9978 9989 9983 9988 9983 9979 9986 9983 10000 
9981 9983 9987 9986 9991 9988 9983 9979 9568 9990 9983 9981 9516 9991 9987 9988 9946 9991 9640 9985 9979 9989 9980 9536 9985 9985 9988 9983 9983 9990 9981 9976 9989 9972 9989 9990 9991 9970 9989 9983 9985 9986 9989 9988 9816 9983 9991 9985 9986 9990 9984 9972 9988 9988 9976 9985 9988 9989 9980 9988 9991 9986 9988 9984 9990 9976 9988 9990 9988 9986 9986 9989 9988 9990 9985 9981 10000 9987 9988 9985 9979 9988 9981 9987 9986 9972 9972 9988 9719 9985 9988 9942 9979 9988 9981 9991 9985 9981 9987 9988 9985 9722 9694 9959 9978 9976 9972 9983 9985 9981 9985 9979 9988 9976 9981 9981 9991 9986 9986 9991 9988 9988 9990 9826 9991 9987 9988 10000 
9989 9984 9987 9984 9988 9981 9988 9986 9978 9990 9988 9981 9978 9985 9991 9981 9866 9979 9987 9988 9986 9990 9987 9987 9982 9988 9981 9976 9988 9986 9667 9988 9990 9844 9989 9986 9982 9479 9982 9986 9982 9981 9990 9981 9985 9986 9985 9825 9988 9985 9979 9984 9989 9984 9988 9981 9983 9990 9987 9989 9982 9986 9984 9976 9990 9989 9984 9990 9981 9988 9982 9988 9989 9990 9982 9532 9987 10000 9983 9982 9984 9981 9989 9990 9979 9973 9984 9981 9984 9982 9984 9981 9987 9983 9989 9979 9982 9985 9986 9986 9982 9987 9987 9976 9661 9990 9925 9976 9982 9989 9982 9986 9989 9985 9989 9607 9862 9989 9981 9978 9989 9983 9985 9983 9979 9986 9983 10000 
9982 9988 9987 9982 9949 9990 9988 9989 9988 9987 9988 9989 9988 9985 9991 9990 9866 9981 9985 9988 9985 9978 9982 9985 9988 9988 9976 9988 9988 9990 9983 9989 9987 9986 9988 9990 9988 9868 9991 9987 9986 9985 9978 9988 9983 9987 9985 9984 9990 9978 9978 9988 9987 9778 9991 9976 9717 9978 9982 9987 9988 9984 9778 9988 9987 9989 9744 9986 9985 9985 9989 9988 9987 9989 9985 9983 9988 9983 10000 9988 9984 9985 9976 9987 9988 9981 9985 9990 9983 9988 9709 9990 9985 9668 9990 9978 9988 9989 9989 9985 9985 9988 9988 9985 9983 9989 9986 9988 9985 9976 9985 9984 9987 9982 9991 9983 9986 9982 9985 9840 9982 9637 9992 9983 9978 9984 9682 10000 
9983 9987 9987 9983 9989 9990 9985 9988 9985 9988 9988 9989 9985 9988 9988 9991 9866 9991 9985 9989 9988 9991 9987 9985 9812 9991 9985 9986 9985 9990 9983 9983 9988 9988 9992 9990 9986 9868 9988 9990 9692 9991 9991 9986 9991 9990 9988 9982 9987 9990 9973 9987 9989 9989 9987 9985 9988 9991 9975 9988 9986 9988 9916 9986 9988 9989 9916 9990 9991 9989 9988 9985 9988 9988 9842 9982 9985 9982 9988 10000 9988 9992 9989 9987 9991 9987 9980 9989 9985 9692 9989 9987 9985 9991 9988 9991 9716 9990 9988 9984 9692 9985 9985 9984 9982 9990 9987 9975 9737 9988 9692 9988 9988 9983 9989 9983 9990 9983 9991 9988 9988 9991 9984 9985 9990 9988 9991 10000 
9989 9984 9983 9988 9981 9984 9983 9734 9991 9988 9992 9989 9991 9985 9987 9984 9866 9988 9991 9990 9653 9985 9987 9979 9988 9991 9984 9988 9984 9989 9986 9990 9988 9986 9990 9989 9988 9886 9990 9990 9986 9990 9988 9988 9979 9990 9985 9988 9988 9990 9988 9984 9987 9981 9991 9979 9985 9988 9988 9990 9988 9680 9984 9989 9981 9989 9984 9989 9988 9991 9990 9983 9990 9988 9988 9986 9979 9984 9984 9988 10000 9988 9984 9987 9988 9985 9983 9988 9979 9990 9987 9988 9985 9875 9990 9988 9988 9990 9855 9895 9988 9991 9991 9989 9988 9991 9986 9988 9988 9985 9990 9606 9990 9983 9988 9991 9990 9987 9991 9866 9987 9866 9989 9989 9990 9591 9815 10000 
9987 9986 9984 9987 9987 9884 9991 9987 9988 9985 9986 9975 9988 9988 9987 9904 9902 9985 9988 9986 9988 9985 9991 9988 9989 9991 9989 9983 9991 9990 9981 9986 9985 9981 9986 9990 9983 9926 9989 9983 9986 9754 9985 9735 9988 9984 9988 9989 9986 9985 9985 9986 9985 9987 9976 9991 9985 9984 9988 9985 9983 9984 9988 9983 9984 9987 9987 9990 9598 9785 9854 9982 9985 9984 9989 9981 9988 9981 9985 9992 9988 10000 9990 9972 9985 9986 9989 9806 9987 9989 9987 9803 9988 9988 9990 9985 9989 9986 9987 9988 9989 9988 9988 9990 9990 9984 9986 9983 9988 9990 9989 9988 9985 9987 9991 9981 9986 9986 9756 9991 9986 9988 9990 9987 9985 9987 9988 10000 
9988 9990 9983 9988 9988 9988 9990 9979 9981 9983 9990 9759 9981 9991 9991 9988 9902 9981 9981 9986 9979 9983 9991 9981 9973 9990 9837 9985 9990 9990 9990 9990 9983 9990 9991 9990 9991 9926 9987 9989 9973 9987 9983 9988 9981 9989 9991 9989 9986 9990 9990 9990 9986 9988 9990 9842 9990 9983 9986 9986 9991 9979 9980 9985 9983 9990 9987 9990 9926 9881 9975 9991 9986 9983 9972 9989 9981 9989 9976 9989 9984 9990 10000 9986 9992 9990 9987 9988 9986 9973 9986 9988 9981 9976 9829 9990 9973 9985 9979 9979 9973 9985 9985 9985 9989 9990 9990 9989 9973 9734 9973 9979 9991 9990 9850 9991 9985 9988 9975 9976 9988 9976 9988 9981 9990 9978 9976 10000 
9983 9989 9977 9971 9985 9985 9989 9987 9981 9977 9989 9990 9987 9982 9991 9988 9902 9984 9987 9989 9987 9988 9985 9987 9987 9989 9986 9974 9989 9986 9988 9971 9977 9988 9989 9986 9985 9926 9987 9974 9986 9972 9988 9972 9987 9974 9982 9939 9797 9982 9984 9989 9985 9990 9982 9986 9987 9977 9985 9985 9985 9978 9990 9974 9977 9982 9989 9990 9972 9935 9988 9989 9985 9977 9987 9990 9987 9990 9987 9987 9987 9972 9986 10000 9984 9989 9986 9991 9987 9987 9985 9991 9986 9990 9991 9984 9987 9919 9987 9988 9987 9981 9981 9990 9955 9955 9978 9986 9986 9986 9986 9986 9985 9982 9987 9988 9957 9971 9972 9984 9985 9990 9984 9987 9984 9984 9990 10000 
9990 9983 9976 9985 9987 9985 9983 9988 9984 9976 9983 9990 9984 9980 9984 9985 9902 9596 9986 9984 9988 9987 9990 9986 9991 9983 9987 9985 9983 9987 9979 9982 9976 9989 9983 9987 9985 9926 9988 9991 9986 9985 9987 9985 9984 9991 9980 9979 9984 9979 9634 9983 9984 9991 9985 9987 9992 9987 9987 9983 9985 9988 9992 9985 9976 9985 9985 9979 9985 9953 9985 9991 9983 9976 9991 9979 9986 9979 9988 9991 9988 9985 9992 9984 10000 9983 9987 9985 9988 9973 9991 9985 9983 9985 9983 9599 9973 9982 9988 9988 9973 9985 9985 9991 9979 9979 9979 9979 9973 9979 9979 9988 9983 9985 9989 9979 9982 9985 9985 9985 9990 9985 9989 9988 9712 9988 9990 10000 
9975 9680 9990 9988 9988 9986 9731 9984 9972 9986 9706 9990 9972 9989 9984 9986 9948 9983 9972 9902 9985 9990 9979 9972 9988 9816 9987 9977 9723 9979 9988 9983 9990 9829 9987 9979 9977 9972 9984 9979 9987 9989 9990 9986 9983 9986 9988 9984 9983 9989 9983 9538 9985 9981 9987 9985 9981 9990 9977 9984 9977 9992 9988 9977 9988 9975 9988 9979 9986 9989 9987 9923 9987 9982 9988 9973 9972 9973 9981 9987 9985 9986 9990 9989 9983 10000 9986 9986 9972 9987 9988 9986 9987 9981 9987 9983 9987 9987 9984 9989 9987 9974 9972 9989 9984 9980 9607 9977 9977 9990 9987 9985 9987 9975 9992 9984 9983 9988 9989 9991 9986 9988 9982 9983 9983 9985 9981 10000 
9979 9981 9989 9979 9991 9987 9981 9983 9984 9988 9968 9986 9984 9985 9938 9987 9948 9987 9972 9981 9983 9988 9985 9972 9988 9981 9987 9977 9981 9987 9985 9991 9988 9970 9981 9987 9977 9970 9990 9987 9887 9989 9988 9988 9984 9987 9985 9984 9991 9990 9987 9986 9985 9986 9992 9992 9985 9988 9985 9988 9977 9983 9986 9977 9962 9975 9986 9989 9984 9984 9984 9981 9981 9962 9989 9984 9972 9984 9985 9980 9983 9989 9987 9986 9987 9986 10000 9987 9987 9980 9986 9987 9971 9985 9987 9987 9980 9988 9991 9991 9980 9987 9978 9990 9991 9991 9970 9991 9980 9987 9972 9972 9981 9981 9981 9981 9981 9981 9981 9981 9981 9985 9989 9991 9987 9983 9985 10000 
9987 9986 9988 9987 9988 9681 9991 9988 9988 9988 9986 9988 9988 9978 9989 9722 9948 9985 9988 9985 9988 9985 9985 9988 9989 9985 9988 9988 9989 9990 9981 9986 9985 9981 9985 9990 9988 9972 9974 9988 9989 9978 9985 9787 9982 9989 9978 9989 9986 9979 9985 9986 9982 9988 9976 9988 9990 9985 9984 9991 9988 9984 9988 9988 9988 9987 9990 9990 9698 9978 9979 9989 9985 9988 9989 9981 9988 9981 9990 9989 9988 9806 9988 9991 9985 9986 9987 10000 9987 9989 9990 9547 9916 9990 9990 9985 9989 9986 9988 9976 9989 9752 9793 9793 9989 9976 9986 9988 9989 9988 9989 9988 9985 9989 9989 9981 9986 9987 9978 9990 9982 9990 9978 9988 9985 9988 9990 10000 
9991 9983 9985 9957 9988 9982 9983 9979 9696 9978 9983 9981 9671 9991 9991 9982 9951 9984 9763 9985 9979 9978 9986 9709 9989 9985 9980 9983 9983 9990 9984 9987 9978 9972 9992 9990 9985 9975 9991 9983 9989 9987 9978 9987 9654 9983 9991 9982 9986 9984 9984 9972 9986 9983 9987 9990 9983 9978 9986 9988 9985 9989 9983 9984 9989 9990 9983 9985 9987 9982 9986 9991 9988 9985 9989 9984 9719 9984 9983 9985 9979 9987 9986 9987 9988 9972 9987 9987 10000 9989 9983 9987 9979 9983 9981 9984 9989 9987 9979 9991 9989 9924 9895 9971 9978 9987 9972 9983 9989 9981 9989 9979 9988 9990 9981 9984 9987 9986 9988 9990 9986 9983 9985 9687 9984 9979 9983 10000 
9983 9987 9988 9983 9989 9991 9988 9988 9985 9974 9988 9973 9985 9991 9988 9991 9951 9988 9989 9983 9990 9990 9990 9985 9720 9983 9985 9986 9983 9990 9983 9983 9974 9988 9983 9990 9986 9975 9988 9988 9562 9991 9991 9989 9989 9990 9991 9980 9987 9984 9973 9987 9988 9989 9987 9985 9988 9991 9975 9991 9986 9990 9989 9986 9988 9983 9989 9990 9989 9989 9991 9983 9991 9974 9750 9983 9985 9982 9988 9692 9990 9989 9973 9987 9973 9987 9980 9989 9989 10000 9991 9987 9985 9990 9973 9984 9641 9988 9988 9984 9594 9985 9985 9988 9980 9990 9987 9975 9678 9973 9522 9990 9983 9983 9973 9983 9988 9983 9991 9990 9988 9990 9988 9988 9984 9990 9988 10000 
9991 9988 9987 9987 9766 9990 9988 9988 9988 9977 9988 9990 9988 9985 9989 9990 9951 9981 9988 9988 9987 9978 9988 9988 9991 9985 9987 9988 9988 9983 9984 9989 9977 9988 9988 9987 9988 9975 9988 9988 9986 9985 9978 9988 9983 9979 9985 9984 9985 9985 9991 9988 9988 9611 9989 9980 9755 9978 9989 9988 9988 9990 9736 9988 9987 9989 9588 9990 9987 9985 9987 9991 9988 9977 9991 9984 9988 9984 9709 9989 9987 9987 9986 9985 9991 9988 9986 9990 9983 9991 10000 9959 9959 9767 9959 9984 9984 9984 9981 9984 9984 9984 9984 9984 9984 9984 9984 9984 9984 9984 9984 9984 9984 9984 9984 9984 9984 9984 9984 9939 9984 9735 9873 9873 9873 9990 9782 10000 
9987 9986 9988 9987 9988 9681 9991 9988 9988 9988 9986 9988 9941 9978 9989 9722 9968 9985 9988 9985 9988 9985 9985 9961 9987 9985 9988 9988 9989 9978 9981 9986 9985 9981 9985 9978 9988 9981 9974 9988 9987 9978 9985 9784 9982 9989 9978 9989 9986 9979 9985 9986 9982 9988 9976 9988 9990 9985 9984 9991 9988 9984 9988 9988 9988 9987 9990 9978 9696 9978 9979 9989 9985 9988 9987 9981 9942 9981 9990 9987 9988 9803 9988 9991 9985 9986 9987 9547 9987 9987 9959 10000 9989 9990 9990 9985 9987 9986 9988 9988 9987 9703 9743 9991 9989 9984 9986 9988 9987 9988 9987 9988 9985 9987 9991 9981 9986 9987 9978 9990 9985 9990 9991 9982 9985 9988 9990 10000 
9986 9987 9982 9987 9990 9989 9987 9991 9979 9982 9985 9981 9979 9979 9984 9989 9968 9982 9986 9990 9985 9949 9988 9979 9990 9990 9939 9983 9987 9985 9987 9986 9982 9987 9989 9985 9984 9982 9979 9983 9985 9988 9979 9991 9979 9983 9988 9982 9990 9988 9979 9988 9987 9986 9992 9898 9983 9981 9988 9991 9984 9988 9985 9983 9982 9988 9985 9985 9914 9988 9988 9983 9990 9982 9985 9987 9979 9987 9985 9985 9985 9988 9981 9986 9983 9987 9971 9916 9979 9985 9959 9989 10000 9983 9981 9983 9990 9988 9985 9985 9990 9988 9988 9990 9982 9982 9988 9984 9990 9981 9990 9985 9990 9988 9981 9987 9988 9987 9988 9983 9987 9983 9983 9979 9983 9984 9983 10000 
9982 9991 9987 9982 9986 9990 9991 9985 9988 9987 9986 9978 9988 9985 9989 9990 9968 9991 9988 9988 9937 9987 9982 9988 9988 9988 9976 9990 9991 9981 9983 9990 9987 9986 9988 9981 9988 9984 9991 9987 9990 9991 9987 9988 9983 9987 9985 9984 9990 9978 9978 9979 9987 9837 9991 9976 9730 9987 9982 9987 9988 9895 9837 9988 9987 9982 9803 9981 9978 9985 9989 9991 9987 9988 9985 9983 9988 9983 9668 9991 9875 9988 9976 9990 9985 9981 9985 9990 9983 9990 9767 9990 9983 10000 9925 9978 9984 9984 9984 9984 9984 9984 9984 9981 9984 9984 9984 9984 9984 9976 9984 9890 9984 9984 9984 9984 9984 9982 9984 9673 9984 9501 9905 9905 9905 9828 9516 10000 
9985 9990 9983 9985 9992 9991 9990 9988 9981 9983 9990 9575 9981 9991 9988 9991 9968 9978 9981 9988 9990 9987 9973 9981 9973 9990 9973 9904 9980 9983 9991 9990 9983 9987 9971 9983 9991 9989 9988 9776 9973 9982 9987 9990 9981 9743 9991 9981 9990 9989 9989 9987 9973 9990 9988 9984 9990 9987 9973 9971 9991 9971 9989 9989 9983 9985 9989 9983 9978 9975 9982 9986 9971 9983 9973 9989 9981 9989 9990 9988 9990 9990 9829 9991 9983 9987 9987 9990 9981 9973 9959 9990 9981 9925 10000 9978 9973 9990 9988 9990 9973 9992 9992 9983 9989 9986 9987 9873 9973 9587 9973 9990 9986 9988 9726 9981 9990 9979 9975 9989 9973 9989 9983 9983 9989 9988 9990 10000 
9990 9983 9987 9985 9987 9985 9983 9988 9984 9976 9983 9978 9984 9980 9984 9985 9988 9528 9991 9984 9988 9987 9989 9991 9991 9983 9987 9983 9983 9982 9979 9974 9976 9989 9983 9982 9983 9979 9962 9991 9984 9985 9987 9985 9984 9991 9980 9979 9974 9931 9586 9983 9984 9991 9985 9982 9978 9987 9987 9983 9983 9988 9988 9983 9987 9985 9985 9982 9985 9985 9985 9991 9983 9976 9991 9979 9991 9979 9978 9991 9988 9985 9990 9984 9599 9983 9987 9985 9984 9984 9984 9985 9983 9978 9978 10000 9973 9974 9988 9988 9973 9985 9985 9982 9979 9985 9983 9987 9973 9989 9973 9988 9983 9985 9978 9979 9974 9985 9985 9978 9983 9978 9987 9988 9664 9988 9990 10000 
9983 9987 9987 9983 9979 9989 9991 9988 9989 9988 9984 9973 9989 9991 9988 9989 9982 9847 9989 9983 9988 9990 9987 9985 9737 9983 9985 9986 9983 9984 9983 9983 9988 9988 9983 9984 9986 9982 9989 9988 9664 9982 9991 9989 9989 9990 9991 9982 9982 9990 9973 9987 9988 9989 9987 9985 9988 9991 9975 9984 9986 9988 9989 9986 9987 9983 9989 9984 9989 9989 9988 9983 9984 9988 9767 9982 9985 9982 9988 9716 9988 9989 9973 9987 9973 9987 9980 9989 9989 9641 9984 9987 9990 9984 9973 9973 10000 9988 9988 9984 9662 9985 9985 9984 9982 9990 9987 9975 9678 9973 9641 9988 9983 9983 9973 9983 9988 9983 9991 9988 9988 9991 9984 9989 9990 9988 9991 10000 
9982 9987 9987 9987 9979 9976 9987 9988 9990 9988 9983 9985 9987 9980 9984 9976 9988 9847 9981 9983 9990 9988 9985 9981 9987 9983 9991 9974 9987 9990 9985 9725 9988 9980 9984 9990 9988 9988 9987 9974 9990 9992 9988 9986 9987 9974 9980 9988 9686 9980 9986 9987 9985 9989 9813 9988 9990 9988 9985 9984 9988 9990 9989 9974 9987 9987 9989 9990 9986 9992 9992 9983 9984 9989 9988 9985 9981 9985 9989 9990 9990 9986 9985 9919 9982 9987 9988 9986 9987 9988 9984 9986 9988 9984 9990 9974 9988 10000 9987 9980 9988 9976 9976 9990 9988 9789 9987 9974 9988 9985 9987 9984 9985 9957 9957 9988 9744 9987 9987 9987 9985 9990 9988 9987 9992 9990 9990 10000 
9992 9984 9987 9987 9979 9984 9984 9710 9979 9987 9984 9988 9979 9984 9782 9984 9991 9847 9987 9984 9854 9987 9987 9987 9988 9984 9979 9988 9984 9989 9986 9984 9987 9986 9984 9989 9988 9986 9990 9988 9988 9987 9987 9988 9979 9988 9984 9991 9982 9984 9988 9984 9987 9982 9987 9991 9989 9987 9984 9984 9988 9924 9981 9989 9987 9992 9981 9989 9988 9987 9987 9984 9984 9987 9988 9986 9987 9986 9989 9988 9855 9987 9979 9987 9988 9984 9991 9988 9979 9988 9981 9988 9985 9984 9988 9988 9988 9987 10000 9976 9988 9987 9987 9989 9987 9987 9986 9988 9988 9988 9988 9846 9988 9992 9988 9987 9984 9987 9987 9985 9987 9989 9989 9979 9984 9779 9989 10000 
9983 9976 9987 9983 9978 9984 9976 9895 9990 9988 9984 9990 9990 9750 9976 9984 9988 9847 9988 9976 9895 9980 9989 9988 9991 9984 9991 9987 9976 9991 9986 9980 9988 9986 9982 9991 9988 9985 9988 9987 9984 9988 9980 9988 9979 9987 9769 9985 9980 9751 9991 9989 9979 9985 9980 9979 9985 9980 9989 9989 9988 9974 9985 9988 9987 9983 9985 9988 9976 9991 9988 9976 9984 9989 9991 9986 9988 9986 9985 9984 9895 9988 9979 9988 9988 9989 9991 9976 9991 9984 9984 9988 9985 9984 9990 9988 9984 9980 9976 10000 9992 9990 9990 9983 9985 9980 9989 9987 9992 9986 9991 9992 9976 9986 9986 9985 9980 9988 9989 9976 9989 9985 9988 9979 9991 9992 9985 10000 
9983 9987 9987 9983 9989 9991 9984 9988 9985 9988 9984 9973 9985 9992 9988 9991 9980 9894 9989 9992 9988 9975 9990 9985 9758 9984 9985 9986 9984 9984 9983 9983 9988 9988 9992 9984 9986 9982 9988 9988 9596 9982 9975 9989 9989 9984 9992 9990 9990 9990 9973 9987 9988 9989 9990 9985 9988 9975 9975 9988 9986 9988 9989 9986 9987 9983 9989 9984 9989 9989 9988 9984 9988 9988 9788 9983 9985 9982 9985 9692 9988 9989 9973 9987 9973 9987 9980 9989 9989 9594 9984 9987 9990 9984 9973 9973 9662 9988 9988 9992 10000 9985 9985 9988 9983 9990 9987 9975 9683 9973 9594 9988 9988 9983 9973 9983 9988 9983 9991 9988 9988 9991 9988 9988 9990 9988 9991 10000 
9981 9991 9986 9986 9988 9808 9991 9987 9775 9989 9991 9992 9722 9978 9987 9829 9989 9988 9800 9989 9991 9990 9985 9741 9985 9989 9985 9986 9989 9988 9987 9976 9989 9974 9989 9988 9988 9987 9974 9986 9985 9986 9990 9988 9988 9983 9978 9989 9976 9979 9985 9974 9989 9988 9976 9985 9988 9990 9984 9982 9988 9991 9988 9986 9986 9976 9988 9991 9903 9978 9986 9989 9982 9988 9985 9987 9722 9987 9988 9985 9991 9988 9985 9981 9985 9974 9987 9752 9924 9985 9984 9703 9988 9984 9992 9985 9985 9976 9987 9990 9985 10000 9524 9761 9987 9976 9974 9986 9987 9985 9987 9991 9989 9976 9989 9987 9984 9988 9978 9990 9982 9988 9991 9982 9988 9987 9988 10000 
9981 9991 9986 9986 9988 9848 9983 9987 9746 9989 9991 9992 9693 9978 9987 9869 9989 9988 9772 9989 9991 9990 9985 9713 9985 9989 9985 9986 9989 9972 9981 9976 9989 9972 9989 9972 9988 9978 9986 9986 9985 9986 9990 9988 9988 9983 9978 9989 9976 9979 9985 9972 9988 9988 9976 9985 9988 9990 9984 9982 9988 9991 9988 9986 9986 9976 9988 9972 9944 9978 9986 9989 9982 9988 9985 9981 9694 9987 9988 9985 9991 9988 9985 9981 9985 9972 9978 9793 9895 9985 9984 9743 9988 9984 9992 9985 9985 9976 9987 9990 9985 9524 10000 9988 9987 9976 9972 9986 9985 9985 9985 9991 9988 9976 9991 9978 9984 9988 9986 9990 9988 9988 9987 9987 9987 9987 9988 10000 
9988 9989 9936 9988 9989 9991 9991 9989 9971 9976 9991 9983 9971 9983 9991 9991 9988 9982 9983 9989 9989 9985 9985 9978 9987 9989 9991 9991 9991 9734 9987 9988 9976 9973 9985 9740 9980 9988 9983 9983 9988 9987 9987 9990 9990 9983 9983 9989 9990 9979 9989 9973 9985 9985 9984 9991 9985 9987 9984 9990 9980 9989 9991 9991 9989 9988 9991 9734 9944 9990 9979 9991 9990 9976 9984 9989 9959 9976 9985 9984 9989 9990 9985 9990 9991 9989 9990 9793 9971 9988 9984 9991 9990 9981 9983 9982 9984 9990 9989 9983 9988 9761 9988 10000 9988 9992 9973 9980 9984 9983 9988 9989 9986 9988 9990 9989 9989 9988 9990 9981 9983 9981 9746 9899 9989 9989 9981 10000 
9989 9984 9990 9989 9988 9989 9982 9991 9978 9983 9982 9989 9987 9985 9991 9990 9746 9979 9978 9989 9988 9990 9987 9978 9982 9989 9981 9976 9982 9988 9783 9985 9990 9982 9989 9988 9982 9617 9988 9986 9980 9981 9990 9990 9985 9986 9985 9636 9988 9985 9979 9984 9989 9984 9988 9981 9983 9990 9987 9989 9982 9987 9984 9976 9991 9989 9984 9988 9990 9989 9986 9974 9989 9983 9982 9592 9978 9661 9983 9982 9988 9990 9989 9955 9979 9984 9991 9989 9978 9980 9984 9989 9982 9984 9989 9979 9982 9988 9987 9985 9983 9987 9987 9988 10000 9984 9984 9976 9982 9989 9980 9987 9989 9988 9989 9706 9961 9989 9989 9983 9989 9983 9988 9985 9979 9991 9983 10000 
9891 9987 9985 9898 9989 9976 9987 9988 9976 9989 9987 9991 9976 9980 9987 9976 9867 9985 9976 9990 9989 9982 9980 9976 9987 9990 9990 9988 9987 9991 9985 9647 9982 9980 9988 9991 9988 9988 9988 9992 9990 9988 9982 9984 9987 9989 9980 9988 9803 9980 9985 9980 9980 9989 9729 9990 9991 9982 9980 9980 9988 9991 9991 9988 9985 9805 9989 9985 9976 9988 9988 9991 9980 9989 9990 9990 9976 9990 9989 9990 9991 9984 9990 9955 9979 9980 9991 9976 9987 9990 9984 9984 9982 9984 9986 9985 9990 9789 9987 9980 9990 9976 9976 9992 9984 10000 9980 9988 9990 9990 9983 9991 9980 9773 9989 9985 9823 9862 9984 9990 9980 9990 9985 9987 9985 9991 9990 10000 
9975 9773 9985 9975 9988 9986 9824 9986 9972 9990 9799 9990 9972 9989 9986 9986 9978 9983 9972 9987 9986 9990 9979 9972 9988 9909 9987 9977 9816 9976 9947 9987 9990 9716 9987 9976 9977 9921 9984 9979 9987 9989 9990 9986 9983 9986 9987 9984 9987 9989 9983 9560 9985 9986 9987 9990 9986 9990 9977 9984 9977 9986 9986 9977 9985 9975 9986 9988 9986 9988 9987 9986 9987 9990 9988 9934 9972 9925 9986 9987 9986 9986 9990 9978 9979 9607 9970 9986 9972 9987 9984 9986 9988 9984 9987 9983 9987 9987 9986 9989 9987 9974 9972 9973 9984 9980 10000 9977 9977 9990 9987 9986 9987 9975 9992 9964 9964 9975 9988 9988 9986 9986 9982 9983 9983 9986 9986 10000 
9989 9979 9990 9979 9990 9992 9980 9988 9983 9987 9979 9918 9983 9975 9991 9992 9985 9991 9983 9980 9988 9987 9988 9983 9988 9980 9990 9557 9980 9990 9976 9980 9987 9977 9992 9980 9743 9982 9988 9616 9975 9983 9987 9985 9983 9727 9975 9982 9974 9975 9987 9977 9988 9979 9985 9983 9988 9987 9887 9988 9745 9988 9987 9702 9991 9989 9987 9990 9983 9983 9983 9980 9988 9991 9975 9976 9983 9976 9988 9975 9988 9983 9989 9986 9979 9977 9991 9988 9983 9975 9984 9988 9984 9984 9873 9987 9975 9974 9988 9987 9975 9986 9986 9980 9976 9988 9977 10000 9986 9930 9986 9988 9988 9991 9989 9976 9974 9979 9983 9988 9988 9990 9990 9983 9986 9988 9987 10000 
9992 9979 9988 9992 9989 9989 9992 9988 9985 9988 9980 9973 9985 9992 9988 9989 9982 9991 9989 9984 9988 9990 9990 9985 9752 9984 9985 9986 9983 9984 9983 9988 9988 9977 9983 9984 9986 9982 9989 9988 9685 9986 9991 9988 9989 9990 9992 9982 9987 9990 9973 9977 9988 9989 9990 9985 9988 9991 9975 9988 9986 9988 9990 9986 9988 9991 9990 9984 9983 9983 9986 9983 9988 9988 9783 9982 9985 9982 9985 9737 9988 9988 9973 9986 9973 9977 9980 9989 9989 9678 9984 9987 9990 9984 9973 9973 9678 9988 9988 9992 9683 9987 9985 9984 9982 9990 9977 9986 10000 9973 9677 9988 9983 9991 9973 9983 9983 9992 9990 9985 9988 9985 9984 9989 9990 9988 9985 10000 
9985 9990 9983 9985 9991 9988 9990 9988 9981 9983 9983 9517 9981 9986 9988 9988 9986 9978 9981 9990 9985 9983 9973 9981 9973 9990 9901 9961 9990 9983 9991 9990 9983 9991 9992 9983 9991 9989 9990 9833 9973 9982 9983 9988 9981 9800 9986 9981 9990 9989 9989 9990 9973 9990 9990 9906 9990 9983 9973 9992 9991 9985 9980 9989 9983 9989 9987 9983 9988 9982 9982 9991 9992 9983 9973 9989 9981 9989 9976 9988 9985 9990 9734 9986 9979 9990 9987 9988 9981 9973 9984 9988 9981 9976 9587 9989 9973 9985 9988 9986 9973 9985 9985 9983 9989 9990 9990 9930 9973 10000 9973 9985 9988 9989 9727 9991 9990 9989 9988 9976 9973 9976 9983 9981 9989 9978 9976 10000 
9983 9987 9988 9983 9991 9991 9990 9988 9985 9988 9990 9973 9985 9991 9988 9991 9986 9988 9989 9983 9990 9990 9990 9985 9719 9983 9985 9986 9983 9984 9983 9983 9988 9988 9983 9984 9986 9982 9988 9988 9542 9991 9991 9989 9989 9990 9991 9980 9987 9984 9973 9987 9988 9991 9987 9986 9985 9991 9975 9989 9986 9990 9989 9986 9988 9983 9989 9984 9989 9989 9991 9983 9989 9988 9749 9983 9985 9982 9985 9692 9990 9989 9973 9986 9979 9987 9972 9989 9989 9522 9984 9987 9990 9984 9973 9973 9641 9987 9988 9991 9594 9987 9985 9988 9980 9983 9987 9986 9677 9973 10000 9990 9983 9983 9973 9983 9988 9983 9991 9990 9991 9990 9988 9988 9984 9990 9988 10000 
9989 9992 9988 9983 9981 9984 9983 9725 9991 9988 9990 9990 9991 9992 9983 9984 9986 9988 9986 9990 9652 9985 9987 9979 9988 9990 9979 9988 9983 9989 9986 9984 9988 9986 9990 9989 9988 9986 9990 9981 9990 9990 9988 9988 9979 9990 9992 9988 9984 9992 9988 9985 9987 9981 9991 9979 9985 9988 9988 9990 9988 9680 9985 9989 9981 9990 9990 9989 9988 9991 9990 9983 9990 9989 9988 9986 9979 9986 9984 9988 9606 9988 9979 9986 9988 9985 9972 9988 9979 9990 9984 9988 9985 9890 9990 9988 9988 9984 9846 9992 9988 9991 9991 9989 9987 9991 9986 9988 9988 9985 9990 10000 9990 9983 9988 9991 9984 9987 9991 9881 9987 9881 9989 9989 9990 9597 9830 10000 
9991 9885 9985 9987 9988 9985 9863 9991 9988 9988 9943 9988 9988 9976 9988 9985 9990 9984 9988 9636 9990 9985 9876 9988 9983 9732 9991 9988 9816 9989 9989 9985 9988 9987 9735 9989 9988 9989 9989 9986 9986 9985 9985 9985 9992 9986 9976 9990 9985 9986 9983 9987 9694 9988 9980 9991 9988 9985 9789 9716 9988 9990 9988 9988 9985 9980 9988 9989 9985 9985 9985 9827 9662 9988 9983 9989 9988 9989 9987 9988 9990 9985 9991 9985 9983 9987 9981 9985 9988 9983 9984 9985 9990 9984 9986 9983 9983 9985 9988 9976 9988 9989 9988 9986 9989 9980 9987 9988 9983 9988 9983 9990 10000 9980 9986 9989 9980 9987 9985 9987 9623 9987 9989 9989 9983 9988 9987 10000 
9792 9990 9985 9799 9989 9987 9990 9983 9976 9985 9943 9989 9976 9986 9992 9988 9988 9985 9976 9802 9983 9982 9980 9976 9991 9802 9990 9991 9990 9987 9985 9815 9982 9985 9988 9987 9989 9988 9988 9989 9983 9988 9982 9987 9990 9989 9986 9988 9971 9988 9985 9975 9980 9989 9873 9990 9989 9982 9980 9980 9989 9991 9991 9989 9985 9706 9991 9987 9987 9988 9988 9990 9980 9992 9983 9985 9976 9985 9982 9983 9983 9987 9990 9982 9985 9975 9981 9989 9990 9983 9984 9987 9988 9984 9988 9985 9983 9957 9992 9986 9983 9976 9976 9988 9988 9773 9975 9991 9991 9989 9983 9983 9980 10000 9989 9988 9987 9763 9992 9982 9980 9982 9985 9990 9985 9991 9982 10000 
9985 9990 9985 9985 9992 9991 9986 9988 9981 9988 9943 9726 9981 9986 9988 9991 9989 9978 9981 9802 9988 9988 9973 9981 9973 9802 9973 9989 9986 9990 9991 9987 9988 9992 9986 9990 9991 9989 9989 9951 9973 9982 9988 9991 9981 9918 9986 9989 9971 9988 9989 9992 9973 9989 9948 9973 9991 9988 9973 9986 9991 9985 9989 9989 9985 9979 9991 9985 9975 9975 9975 9986 9986 9988 9973 9989 9981 9989 9991 9989 9988 9991 9850 9987 9989 9992 9981 9989 9981 9973 9984 9991 9981 9984 9726 9978 9973 9957 9988 9986 9973 9989 9991 9990 9989 9989 9992 9989 9973 9727 9973 9988 9986 9989 10000 9988 9990 9985 9975 9991 9973 9991 9985 9981 9989 9988 9991 10000 
9990 9984 9991 9984 9988 9981 9988 9985 9978 9991 9943 9981 9978 9985 9991 9981 9979 9979 9981 9871 9991 9991 9972 9981 9983 9871 9981 9976 9988 9990 9684 9985 9991 9883 9989 9988 9982 9606 9982 9976 9983 9981 9991 9981 9985 9976 9985 9870 9988 9988 9979 9984 9989 9984 9988 9981 9983 9991 9983 9989 9982 9987 9984 9976 9991 9990 9984 9988 9981 9986 9982 9988 9989 9991 9986 9607 9981 9607 9983 9983 9991 9981 9991 9988 9979 9984 9981 9981 9984 9983 9984 9981 9987 9984 9981 9979 9983 9988 9987 9985 9983 9987 9978 9989 9706 9985 9964 9976 9983 9991 9983 9991 9989 9988 9988 10000 9986 9990 9981 9978 9989 9984 9986 9986 9986 9991 9984 10000 
9982 9983 9985 9987 9989 9981 9983 9988 9981 9985 9943 9985 9987 9980 9984 9981 9988 9974 9991 9871 9990 9988 9985 9991 9983 9871 9991 9974 9983 9990 9862 9759 9985 9883 9980 9990 9988 9988 9987 9974 9990 9990 9988 9986 9987 9974 9980 9991 9744 9980 9986 9987 9985 9986 9847 9991 9986 9988 9985 9980 9988 9990 9990 9974 9985 9986 9989 9990 9986 9979 9982 9983 9980 9989 9988 9862 9991 9862 9986 9990 9990 9986 9985 9957 9982 9983 9981 9986 9987 9988 9984 9986 9988 9984 9990 9974 9988 9744 9984 9980 9988 9984 9984 9989 9961 9823 9964 9974 9983 9990 9988 9984 9980 9987 9990 9986 10000 9987 9987 9987 9985 9990 9988 9987 9992 9990 9990 10000 
9740 9988 9985 9637 9991 9987 9988 9987 9986 9985 9943 9989 9986 9991 9990 9988 9988 9985 9981 9873 9987 9982 9991 9986 9992 9873 9987 9979 9988 9987 9974 9904 9982 9985 9988 9987 9988 9989 9989 9979 9983 9985 9982 9986 9986 9979 9988 9988 9983 9976 9985 9988 9991 9991 9961 9988 9991 9982 9987 9987 9988 9990 9991 9985 9989 9724 9989 9987 9987 9985 9985 9989 9987 9985 9989 9989 9986 9989 9982 9983 9987 9986 9988 9971 9985 9988 9981 9987 9986 9983 9984 9987 9987 9982 9979 9985 9983 9987 9987 9988 9983 9988 9988 9988 9989 9862 9975 9979 9992 9989 9983 9987 9987 9763 9985 9990 9987 10000 9982 9982 9991 9982 9988 9986 9985 9987 9990 10000 
9967 9989 9984 9857 9987 9978 9989 9987 9986 9985 9943 9975 9986 9989 9987 9982 9980 9985 9986 9873 9991 9985 9991 9986 9990 9873 9988 9983 9989 9990 9981 9984 9985 9988 9986 9990 9983 9980 9989 9983 9991 9744 9985 9939 9987 9984 9989 9989 9972 9985 9985 9989 9985 9987 9991 9987 9985 9984 9988 9985 9983 9987 9991 9983 9984 9991 9985 9990 9801 9772 9842 9989 9985 9984 9991 9981 9986 9981 9985 9991 9991 9756 9975 9972 9985 9989 9981 9978 9988 9991 9984 9978 9988 9984 9975 9985 9991 9987 9987 9989 9991 9978 9986 9990 9989 9984 9988 9983 9990 9988 9991 9991 9985 9992 9975 9981 9987 9982 10000 9985 9985 9985 9990 9987 9985 9987 9985 10000 
9982 9990 9991 9934 9986 9990 9990 9985 9991 9991 9943 9978 9991 9988 9989 9990 9988 9985 9991 9873 9928 9979 9982 9991 9988 9873 9976 9988 9990 9981 9978 9990 9991 9978 9990 9981 9988 9983 9991 9988 9990 9991 9979 9991 9983 9988 9988 9988 9987 9978 9978 9991 9982 9986 9991 9976 9902 9979 9982 9987 9988 9885 9982 9988 9991 9982 9975 9981 9985 9985 9989 9990 9987 9991 9984 9978 9991 9978 9840 9988 9866 9991 9976 9984 9985 9991 9981 9990 9990 9990 9939 9990 9983 9673 9989 9978 9988 9987 9985 9976 9988 9990 9990 9981 9983 9990 9988 9988 9985 9976 9990 9881 9987 9982 9991 9978 9987 9982 9985 10000 9982 9664 9981 9982 9978 9819 9664 10000 
9991 9979 9983 9986 9988 9985 9979 9987 9980 9984 9979 9973 9980 9989 9988 9985 9990 9984 9988 9781 9987 9983 9729 9988 9989 9877 9991 9988 9960 9981 9989 9985 9978 9986 9777 9981 9988 9989 9989 9980 9991 9986 9983 9985 9980 9973 9989 9990 9985 9987 9987 9986 9553 9988 9980 9988 9988 9983 9642 9716 9988 9990 9988 9988 9985 9980 9988 9989 9985 9985 9986 9971 9662 9988 9992 9989 9988 9989 9982 9988 9987 9986 9988 9985 9990 9986 9981 9982 9986 9988 9984 9985 9987 9984 9973 9983 9988 9985 9987 9989 9988 9982 9988 9983 9989 9980 9986 9988 9988 9973 9991 9987 9623 9980 9973 9989 9985 9991 9985 9982 10000 9987 9989 9980 9987 9987 9987 10000 
9982 9988 9987 9982 9977 9990 9988 9985 9988 9987 9988 9978 9988 9985 9989 9990 9984 9991 9988 9988 9928 9978 9982 9988 9988 9988 9976 9990 9988 9981 9983 9990 9987 9986 9988 9981 9988 9984 9991 9987 9986 9991 9978 9988 9983 9987 9985 9984 9990 9978 9978 9988 9987 9806 9991 9976 9717 9978 9982 9987 9988 9885 9805 9988 9987 9982 9771 9981 9985 9985 9989 9991 9987 9990 9985 9983 9988 9983 9637 9991 9866 9988 9976 9990 9985 9988 9985 9990 9983 9990 9735 9990 9983 9501 9989 9978 9991 9990 9989 9985 9991 9988 9988 9981 9983 9990 9986 9990 9985 9976 9990 9881 9987 9982 9991 9984 9990 9982 9985 9664 9987 10000 9981 9983 9978 9819 9506 10000 
9985 9985 9777 9989 9989 9991 9985 9989 9971 9963 9991 9983 9971 9988 9990 9991 9988 9987 9990 9989 9989 9984 9989 9990 9984 9991 9991 9990 9985 9738 9985 9988 9983 9979 9985 9752 9980 9986 9983 9983 9986 9987 9984 9990 9985 9983 9988 9988 9984 9985 9989 9982 9989 9991 9992 9983 9990 9984 9989 9989 9980 9989 9873 9990 9900 9988 9873 9666 9990 9990 9987 9991 9989 9944 9984 9988 9990 9985 9992 9984 9989 9990 9988 9984 9989 9982 9989 9978 9985 9988 9873 9991 9983 9905 9983 9987 9984 9988 9989 9988 9988 9991 9987 9746 9988 9985 9982 9990 9984 9983 9988 9989 9989 9985 9985 9986 9988 9988 9990 9981 9989 9981 10000 9985 9986 9989 9981 10000 
9988 9983 9985 9986 9989 9982 9983 9986 9803 9978 9983 9983 9778 9979 9992 9982 9983 9984 9871 9989 9989 9978 9990 9817 9989 9985 9980 9983 9983 9990 9983 9987 9978 9984 9985 9990 9991 9986 9983 9983 9986 9987 9978 9988 9687 9983 9979 9986 9987 9985 9988 9983 9980 9983 9987 9990 9983 9978 9990 9989 9989 9990 9873 9984 9989 9990 9873 9985 9988 9987 9988 9985 9989 9990 9989 9983 9826 9983 9983 9985 9989 9987 9981 9987 9988 9983 9991 9988 9687 9988 9873 9982 9979 9905 9983 9988 9989 9987 9979 9979 9988 9982 9987 9899 9985 9987 9983 9983 9989 9981 9988 9989 9989 9990 9981 9986 9987 9986 9987 9982 9980 9983 9985 10000 9984 9990 9983 10000 
9990 9983 9983 9985 9987 9985 9983 9987 9984 9987 9983 9989 9984 9978 9984 9985 9989 9703 9991 9984 9990 9987 9987 9991 9991 9983 9987 9983 9983 9987 9979 9985 9987 9989 9983 9987 9983 9986 9988 9986 9974 9985 9987 9985 9984 9991 9980 9979 9984 9853 9586 9983 9987 9988 9985 9987 9978 9983 9987 9983 9983 9990 9873 9983 9983 9985 9873 9986 9985 9985 9985 9984 9983 9990 9991 9979 9991 9979 9978 9990 9990 9985 9990 9984 9712 9983 9987 9985 9984 9984 9873 9985 9983 9905 9989 9664 9990 9992 9984 9991 9990 9988 9987 9989 9979 9985 9983 9986 9990 9989 9984 9990 9983 9985 9989 9986 9992 9985 9985 9978 9987 9978 9986 9984 10000 9987 9978 10000 
9989 9991 9988 9988 9981 9984 9983 9658 9987 9988 9991 9988 9987 9992 9916 9984 9988 9988 9987 9990 9652 9985 9987 9987 9988 9983 9978 9988 9983 9989 9986 9990 9988 9986 9990 9989 9988 9986 9990 9990 9990 9987 9988 9988 9979 9990 9992 9991 9990 9984 9988 9985 9987 9981 9991 9978 9985 9988 9988 9990 9988 9680 9990 9989 9981 9990 9990 9989 9988 9987 9987 9983 9990 9989 9988 9986 9987 9986 9984 9988 9591 9987 9978 9984 9988 9985 9983 9988 9979 9990 9990 9988 9984 9828 9988 9988 9988 9990 9779 9992 9988 9987 9987 9989 9991 9991 9986 9988 9988 9978 9990 9597 9988 9991 9988 9991 9990 9987 9987 9819 9987 9819 9989 9990 9987 10000 9768 10000 
9982 9991 9987 9982 9986 9990 9991 9958 9988 9987 9986 9978 9988 9985 9989 9990 9984 9990 9988 9988 9877 9987 9982 9988 9988 9988 9976 9987 9991 9981 9983 9990 9987 9986 9990 9981 9985 9984 9991 9987 9983 9991 9987 9988 9983 9987 9985 9984 9990 9978 9988 9981 9987 9851 9991 9976 9744 9987 9982 9987 9985 9834 9852 9987 9987 9990 9818 9981 9985 9985 9989 9991 9987 9991 9985 9983 9988 9983 9682 9991 9815 9988 9976 9990 9990 9981 9985 9990 9983 9988 9782 9990 9983 9516 9990 9990 9991 9990 9989 9985 9991 9988 9988 9981 9983 9990 9986 9987 9985 9976 9988 9830 9987 9982 9991 9984 9990 9990 9985 9664 9987 9506 9981 9983 9978 9768 10000 10000 
10000 10000 10000 10000 10000 10000 10000 10000 10000 10000 10000 10000 10000 10000 10000 10000 10000 10000 10000 10000 10000 10000 10000 10000 10000 10000 10000 10000 10000 10000 10000 10000 10000 10000 10000 10000 10000 10000 10000 10000 10000 10000 10000 10000 10000 10000 10000 10000 10000 10000 10000 10000 10000 10000 10000 10000 10000 10000 10000 10000 10000 10000 10000 10000 10000 10000 10000 10000 10000 10000 10000 10000 10000 10000 10000 10000 10000 10000 10000 10000 10000 10000 10000 10000 10000 10000 10000 10000 10000 10000 10000 10000 10000 10000 10000 10000 10000 10000 10000 10000 10000 10000 10000 10000 10000 10000 10000 10000 10000 10000 10000 10000 10000 10000 10000 10000 10000 10000 10000 10000 10000 10000 10000 10000 10000 10000 10000 10000 
