49
10000 9989 9957 9742 9990 9988 9989 9987 9987 9889 9801 9957 9957 9981 9957 9987 9987 9991 9957 9986 9987 9987 9957 9989 9986 9987 9980 9990 9991 9957 9987 9740 9990 9957 9957 9991 9989 9990 9986 9959 9957 9986 9987 9957 9957 9992 9826 9986 10000 
9989 10000 9987 9989 9992 9989 9589 9987 9991 9989 9989 9987 9989 9991 9989 9991 9987 9982 9991 9708 9991 9991 9976 9634 9890 9987 9990 9980 9982 9991 9991 9989 9980 9987 9989 9982 9735 9987 9940 9913 9976 9986 9991 9989 9987 9989 9989 9987 10000 
9957 9987 10000 9962 9736 9808 9987 9946 9987 9745 9990 9777 9693 9978 9678 9886 9988 9991 9678 9987 9988 9987 9864 9988 9990 9992 9987 9698 9991 9678 9988 9954 9629 9685 9678 9991 9980 9633 9987 9746 9854 9990 9987 9678 9625 9756 9987 9990 10000 
9742 9989 9962 10000 9987 9958 9989 9987 9987 9891 9709 9962 9963 9981 9962 9987 9987 9991 9962 9986 9987 9987 9962 9989 9986 9987 9985 9987 9991 9962 9987 9604 9987 9962 9962 9991 9989 9987 9986 9961 9962 9986 9987 9962 9962 9985 9688 9986 10000 
9990 9992 9736 9987 10000 9934 9992 9878 9987 9981 9990 9990 9934 9993 9934 9818 9988 9983 9934 9992 9988 9987 9992 9992 9992 9962 9987 9685 9983 9934 9988 9990 9668 9951 9934 9983 9992 9801 9992 9981 9992 9992 9987 9934 9891 9934 9987 9992 10000 
9988 9989 9808 9958 9934 10000 9989 9988 9988 9876 9985 9918 9686 9992 9785 9988 9988 9990 9809 9989 9988 9992 9986 9989 9990 9988 9992 9896 9993 9809 9992 9931 9827 9826 9805 9990 9989 9808 9991 9876 9984 9990 9992 9732 9808 9770 9924 9990 10000 
9989 9589 9987 9989 9992 9989 10000 9987 9991 9991 9989 9987 9989 9991 9989 9991 9987 9982 9991 9719 9991 9991 9976 9652 9901 9987 9990 9980 9982 9991 9991 9989 9980 9987 9989 9982 9735 9987 9951 9931 9976 9989 9991 9989 9987 9989 9989 9987 10000 
9987 9987 9946 9987 9878 9988 9987 10000 9808 9990 9987 9988 9988 9981 9981 9589 9713 9991 9981 9987 9766 9986 9981 9987 9992 9736 9992 9895 9992 9981 9895 9987 9863 9988 9981 9992 9987 9988 9989 9971 9981 9993 9915 9981 9988 9992 9987 9990 10000 
9987 9991 9987 9987 9987 9988 9991 9808 10000 9987 9987 9967 9988 9989 9992 9760 9806 9991 9992 9993 9645 9721 9992 9991 9989 9871 9749 9987 9991 9992 9690 9987 9987 9992 9992 9991 9993 9992 9993 9970 9991 9976 9628 9988 9992 9992 9987 9989 10000 
9889 9989 9745 9891 9981 9876 9991 9990 9987 10000 9950 9803 9758 9981 9758 9981 9987 9992 9758 9962 9987 9992 9949 9989 9962 9987 9990 9952 9992 9758 9992 9886 9886 9745 9758 9992 9992 9857 9962 9704 9949 9962 9992 9758 9745 9835 9975 9962 10000 
9801 9989 9990 9709 9990 9985 9989 9987 9987 9950 10000 9979 9985 9992 9985 9987 9987 9991 9985 9986 9987 9987 9989 9989 9986 9988 9986 9987 9991 9985 9987 9709 9987 9990 9985 9991 9989 9987 9986 9990 9989 9986 9987 9985 9987 9985 9734 9986 10000 
9957 9987 9777 9962 9990 9918 9987 9988 9967 9803 9979 10000 9803 9978 9788 9988 9992 9991 9788 9987 9981 9967 9864 9987 9853 9993 9967 9990 9991 9788 9967 9954 9936 9766 9788 9991 9985 9875 9987 9804 9854 9758 9967 9788 9693 9866 9979 9795 10000 
9957 9989 9693 9963 9934 9686 9989 9988 9988 9758 9985 9803 10000 9978 9663 9988 9988 9986 9687 9989 9988 9992 9864 9989 9990 9988 9992 9896 9986 9687 9992 9936 9827 9711 9683 9986 9989 9766 9987 9759 9862 9990 9992 9610 9693 9716 9929 9990 10000 
9981 9991 9978 9981 9993 9992 9991 9981 9989 9981 9992 9978 9978 10000 9782 9981 9981 9799 9753 9991 9991 9989 9778 9991 9991 9981 9989 9992 9929 9882 9989 9981 9992 9978 9873 9986 9991 9992 9991 9989 9740 9991 9989 9897 9978 9991 9993 9991 10000 
9957 9989 9678 9962 9934 9785 9989 9981 9992 9758 9985 9788 9663 9782 10000 9981 9981 9841 9491 9989 9991 9992 9668 9989 9990 9981 9992 9896 9971 9591 9989 9954 9827 9696 9578 9989 9989 9766 9987 9759 9666 9990 9992 9582 9678 9731 9985 9990 10000 
9987 9991 9886 9987 9818 9988 9991 9589 9760 9981 9987 9988 9988 9981 9981 10000 9711 9991 9981 9987 9718 9938 9981 9987 9992 9736 9988 9835 9991 9981 9847 9987 9803 9988 9981 9991 9987 9951 9992 9981 9981 9992 9867 9981 9986 9991 9987 9992 10000 
9987 9987 9988 9987 9988 9988 9987 9713 9806 9987 9987 9992 9988 9981 9981 9711 10000 9991 9981 9987 9764 9984 9981 9987 9990 9776 9992 9988 9992 9981 9893 9987 9987 9986 9981 9992 9987 9992 9990 9970 9981 9993 9913 9981 9988 9992 9987 9990 10000 
9991 9982 9991 9991 9983 9990 9982 9991 9991 9992 9991 9991 9986 9799 9841 9991 9991 10000 9812 9982 9991 9991 9837 9982 9985 9991 9989 9992 9693 9941 9991 9991 9992 9991 9932 9750 9982 9991 9985 9989 9792 9992 9991 9956 9991 9993 9991 9989 10000 
9957 9991 9678 9962 9934 9809 9991 9981 9992 9758 9985 9788 9687 9753 9491 9981 9981 9812 10000 9987 9991 9992 9664 9991 9990 9981 9992 9896 9942 9591 9989 9954 9827 9696 9582 9989 9980 9766 9987 9759 9637 9990 9992 9606 9678 9755 9985 9990 10000 
9986 9708 9987 9986 9992 9989 9719 9987 9993 9962 9986 9987 9989 9991 9989 9987 9987 9982 9987 10000 9990 9993 9987 9782 9698 9987 9990 9980 9982 9987 9990 9989 9980 9987 9989 9982 9735 9987 9748 9962 9987 9794 9990 9989 9987 9989 9989 9835 10000 
9987 9991 9988 9987 9988 9988 9991 9766 9645 9987 9987 9981 9988 9991 9991 9718 9764 9991 9991 9990 10000 9823 9991 9991 9990 9829 9873 9988 9991 9992 9732 9987 9991 9992 9992 9991 9993 9992 9990 9970 9991 9981 9752 9988 9992 9992 9987 9993 10000 
9987 9991 9987 9987 9987 9992 9991 9986 9721 9992 9987 9967 9992 9989 9992 9938 9984 9991 9992 9993 9823 10000 9992 9991 9989 9992 9771 9987 9991 9992 9781 9987 9987 9992 9992 9991 9993 9992 9993 9988 9991 9976 9721 9992 9992 9992 9987 9989 10000 
9957 9976 9864 9962 9992 9986 9976 9981 9992 9949 9989 9864 9864 9778 9668 9981 9981 9837 9664 9987 9991 9992 10000 9976 9987 9981 9992 9992 9967 9768 9989 9954 9992 9864 9759 9989 9992 9952 9987 9950 9664 9987 9992 9783 9864 9932 9989 9991 10000 
9989 9634 9988 9989 9992 9989 9652 9987 9991 9989 9989 9987 9989 9991 9989 9987 9987 9982 9991 9782 9991 9991 9976 10000 9964 9987 9990 9992 9982 9991 9991 9989 9991 9977 9989 9982 9789 9991 9989 9890 9976 9989 9991 9989 9977 9989 9989 9987 10000 
9986 9890 9990 9986 9992 9990 9901 9992 9989 9962 9986 9853 9990 9991 9990 9992 9990 9985 9990 9698 9990 9989 9987 9964 10000 9992 9989 9980 9985 9990 9989 9986 9990 9990 9990 9985 9910 9990 9743 9962 9987 9614 9989 9990 9990 9990 9986 9655 10000 
9987 9987 9992 9987 9962 9988 9987 9736 9871 9987 9988 9993 9988 9981 9981 9736 9776 9991 9981 9987 9829 9992 9981 9987 9992 10000 9992 9979 9992 9981 9958 9987 9947 9986 9981 9992 9987 9992 9990 9973 9981 9993 9978 9981 9986 9992 9992 9990 10000 
9980 9990 9987 9985 9987 9992 9990 9992 9749 9990 9986 9967 9992 9989 9992 9988 9992 9989 9992 9990 9873 9771 9992 9990 9989 9992 10000 9987 9992 9992 9831 9985 9987 9992 9992 9993 9993 9992 9993 9987 9992 9976 9749 9992 9992 9992 9985 9989 10000 
9990 9980 9698 9987 9685 9896 9980 9895 9987 9952 9987 9990 9896 9992 9896 9835 9988 9992 9896 9980 9988 9987 9992 9992 9980 9979 9987 10000 9983 9896 9988 9990 9647 9913 9896 9983 9980 9763 9992 9952 9992 9992 9987 9896 9853 9896 9987 9992 10000 
9991 9982 9991 9991 9983 9993 9982 9992 9991 9992 9991 9991 9986 9929 9971 9991 9992 9693 9942 9982 9991 9991 9967 9982 9985 9992 9992 9983 10000 9989 9991 9991 9992 9991 9989 9750 9982 9991 9985 9989 9922 9992 9991 9989 9991 9993 9991 9989 10000 
9957 9991 9678 9962 9934 9809 9991 9981 9992 9758 9985 9788 9687 9882 9591 9981 9981 9941 9591 9987 9992 9992 9768 9991 9990 9981 9992 9896 9989 10000 9989 9954 9827 9696 9591 9989 9980 9766 9987 9759 9766 9990 9992 9606 9678 9755 9985 9990 10000 
9987 9991 9988 9987 9988 9992 9991 9895 9690 9992 9987 9967 9992 9989 9989 9847 9893 9991 9989 9990 9732 9781 9989 9991 9989 9958 9831 9988 9991 9989 10000 9987 9988 9992 9992 9991 9993 9992 9993 9970 9991 9976 9710 9992 9992 9992 9987 9989 10000 
9740 9989 9954 9604 9990 9931 9989 9987 9987 9886 9709 9954 9936 9981 9954 9987 9987 9991 9954 9989 9987 9987 9954 9989 9986 9987 9985 9990 9991 9954 9987 10000 9987 9954 9954 9991 9989 9987 9986 9956 9954 9986 9987 9954 9954 9985 9661 9986 10000 
9990 9980 9629 9987 9668 9827 9980 9863 9987 9886 9987 9936 9827 9992 9827 9803 9987 9992 9827 9980 9991 9987 9992 9991 9990 9947 9987 9647 9992 9827 9988 9987 10000 9844 9827 9983 9980 9694 9992 9886 9992 9990 9987 9827 9784 9827 9987 9990 10000 
9957 9987 9685 9962 9951 9826 9987 9988 9992 9745 9990 9766 9711 9978 9696 9988 9986 9991 9696 9987 9992 9992 9864 9977 9990 9986 9992 9913 9991 9696 9992 9954 9844 10000 9696 9991 9980 9783 9987 9746 9854 9990 9992 9696 9674 9774 9979 9990 10000 
9957 9989 9678 9962 9934 9805 9989 9981 9992 9758 9985 9788 9683 9873 9578 9981 9981 9932 9582 9989 9992 9992 9759 9989 9990 9981 9992 9896 9989 9591 9992 9954 9827 9696 10000 9989 9989 9766 9987 9759 9757 9990 9992 9602 9678 9751 9985 9990 10000 
9991 9982 9991 9991 9983 9990 9982 9992 9991 9992 9991 9991 9986 9986 9989 9991 9992 9750 9989 9982 9991 9991 9989 9982 9985 9992 9993 9983 9750 9989 9991 9991 9983 9991 9989 10000 9982 9991 9985 9989 9979 9992 9991 9989 9991 9993 9991 9989 10000 
9989 9735 9980 9989 9992 9989 9735 9987 9993 9992 9989 9985 9989 9991 9989 9987 9987 9982 9980 9735 9993 9993 9992 9789 9910 9987 9993 9980 9982 9980 9993 9989 9980 9980 9989 9982 10000 9980 9960 9990 9991 9987 9990 9989 9980 9989 9989 9987 10000 
9990 9987 9633 9987 9801 9808 9987 9988 9992 9857 9987 9875 9766 9992 9766 9951 9992 9991 9766 9987 9992 9992 9952 9991 9990 9992 9992 9763 9991 9766 9992 9987 9694 9783 9766 9991 9980 10000 9987 9857 9942 9990 9992 9766 9723 9766 9987 9990 10000 
9986 9940 9987 9986 9992 9991 9951 9989 9993 9962 9986 9987 9987 9991 9987 9992 9990 9985 9987 9748 9990 9993 9987 9989 9743 9990 9993 9992 9985 9987 9993 9986 9992 9987 9987 9985 9960 9987 10000 9962 9987 9789 9993 9987 9987 9987 9986 9830 10000 
9959 9913 9746 9961 9981 9876 9931 9971 9970 9704 9990 9804 9759 9989 9759 9981 9970 9989 9759 9962 9970 9988 9950 9890 9962 9973 9987 9952 9989 9759 9970 9956 9886 9746 9759 9989 9990 9857 9962 10000 9950 9962 9970 9759 9746 9835 9990 9962 10000 
9957 9976 9854 9962 9992 9984 9976 9981 9991 9949 9989 9854 9862 9740 9666 9981 9981 9792 9637 9987 9991 9991 9664 9976 9987 9981 9992 9992 9922 9766 9991 9954 9992 9854 9757 9979 9991 9942 9987 9950 10000 9987 9991 9781 9854 9930 9989 9991 10000 
9986 9986 9990 9986 9992 9990 9989 9993 9976 9962 9986 9758 9990 9991 9990 9992 9993 9992 9990 9794 9981 9976 9987 9989 9614 9993 9976 9992 9992 9990 9976 9986 9990 9990 9990 9992 9987 9990 9789 9962 9987 10000 9976 9990 9990 9990 9986 9597 10000 
9987 9991 9987 9987 9987 9992 9991 9915 9628 9992 9987 9967 9992 9989 9992 9867 9913 9991 9992 9990 9752 9721 9992 9991 9989 9978 9749 9987 9991 9992 9710 9987 9987 9992 9992 9991 9990 9992 9993 9970 9991 9976 10000 9992 9992 9992 9987 9989 10000 
9957 9989 9678 9962 9934 9732 9989 9981 9988 9758 9985 9788 9610 9897 9582 9981 9981 9956 9606 9989 9988 9992 9783 9989 9990 9981 9992 9896 9989 9606 9992 9954 9827 9696 9602 9989 9989 9766 9987 9759 9781 9990 9992 10000 9678 9716 9975 9990 10000 
9957 9987 9625 9962 9891 9808 9987 9988 9992 9745 9987 9693 9693 9978 9678 9986 9988 9991 9678 9987 9992 9992 9864 9977 9990 9986 9992 9853 9991 9678 9992 9954 9784 9674 9678 9991 9980 9723 9987 9746 9854 9990 9992 9678 10000 9756 9987 9990 10000 
9992 9989 9756 9985 9934 9770 9989 9992 9992 9835 9985 9866 9716 9991 9731 9991 9992 9993 9755 9989 9992 9992 9932 9989 9990 9992 9992 9896 9993 9755 9992 9985 9827 9774 9751 9993 9989 9766 9987 9835 9930 9990 9992 9716 9756 10000 9985 9990 10000 
9826 9989 9987 9688 9987 9924 9989 9987 9987 9975 9734 9979 9929 9993 9985 9987 9987 9991 9985 9989 9987 9987 9989 9989 9986 9992 9985 9987 9991 9985 9987 9661 9987 9979 9985 9991 9989 9987 9986 9990 9989 9986 9987 9975 9987 9985 10000 9986 10000 
9986 9987 9990 9986 9992 9990 9987 9990 9989 9962 9986 9795 9990 9991 9990 9992 9990 9989 9990 9835 9993 9989 9991 9987 9655 9990 9989 9992 9989 9990 9989 9986 9990 9990 9990 9989 9987 9990 9830 9962 9991 9597 9989 9990 9990 9990 9986 10000 10000 
10000 10000 10000 10000 10000 10000 10000 10000 10000 10000 10000 10000 10000 10000 10000 10000 10000 10000 10000 10000 10000 10000 10000 10000 10000 10000 10000 10000 10000 10000 10000 10000 10000 10000 10000 10000 10000 10000 10000 10000 10000 10000 10000 10000 10000 10000 10000 10000 10000 
