67
9990 9988 9989 9987 9885 9952 9989 9986 9987 9981 9949 9987 9987 9987 9734 9968 9744 9968 9988 9987 9816 9991 9815 9987 9844 9736 9989 9952 9990 9949 9986 9987 9986 9987 9980 9952 9949 9974 9974 9868 9949 9778 9991 9952 9949 9988 9974 9991 9991 9987 9981 9817 9991 9988 9957 9991 9936 9974 9837 9990 9918 9887 10000 
9989 10000 9977 9989 9989 9989 9646 9987 9989 9977 9690 9987 9991 9991 9991 9991 9987 9991 9989 9987 9989 9977 9989 9987 9989 9982 9990 9991 9991 9989 9806 9977 9770 9989 9987 9991 9982 9991 9991 9977 9991 9991 9974 9991 9991 9989 9928 9977 9991 9989 9985 9982 9982 9991 9991 9989 9982 9989 9991 9857 9991 9956 9989 9991 9989 9989 10000 
9952 9977 10000 9952 9839 9807 9977 9992 9961 9703 9977 9990 9992 9963 9761 9992 9992 9992 9952 9990 9962 9973 9854 9986 9990 9991 9848 9992 9745 9952 9987 9774 9977 9702 9990 9992 9973 9992 9992 9804 9696 9857 9857 9752 9908 9990 9934 9790 9712 9770 9857 9991 9991 9992 9938 9990 9991 9807 9765 9977 9745 9904 9987 9710 9970 9987 10000 
9735 9989 9952 10000 9990 9988 9989 9987 9803 9952 9989 9986 9987 9981 9951 9987 9987 9987 9653 9968 9735 9968 9931 9987 9734 9991 9818 9987 9847 9731 9989 9952 9990 9951 9986 9987 9986 9987 9986 9952 9951 9974 9990 9871 9951 9696 9990 9952 9951 9990 9974 9991 9991 9987 9981 9735 9991 9988 9960 9990 9939 9990 9755 9990 9836 9805 10000 
9990 9989 9839 9990 10000 9924 9989 9966 9961 9968 9989 9992 9987 9993 9987 9951 9988 9987 9990 9992 9990 9992 9924 9862 9990 9983 9990 9988 9978 9990 9992 9990 9990 9924 9992 9988 9992 9988 9987 9988 9942 9978 9978 9985 9992 9990 9978 9988 9958 9924 9978 9983 9983 9988 9992 9990 9983 9924 9978 9990 9978 9978 9987 9866 9970 9987 10000 
9988 9989 9807 9988 9924 10000 9989 9988 9850 9851 9989 9990 9992 9992 9889 9988 9988 9992 9988 9990 9988 9990 9746 9988 9985 9993 9971 9988 9876 9988 9980 9922 9989 9698 9990 9988 9991 9992 9992 9952 9823 9876 9876 9876 9992 9942 9941 9944 9834 9698 9876 9993 9993 9992 9992 9916 9993 9722 9876 9990 9876 9941 9985 9807 9861 9922 10000 
9989 9646 9977 9989 9989 9989 10000 9987 9989 9977 9709 9987 9991 9991 9991 9991 9987 9991 9989 9987 9989 9977 9989 9987 9989 9982 9990 9991 9991 9989 9804 9977 9789 9989 9987 9991 9980 9991 9991 9977 9991 9991 9989 9991 9991 9989 9947 9977 9991 9989 9985 9982 9982 9991 9991 9989 9982 9989 9991 9876 9991 9975 9989 9991 9989 9989 10000 
9987 9987 9992 9987 9966 9988 9987 10000 9987 9992 9987 9993 9915 9981 9981 9644 9715 9918 9987 9990 9987 9993 9988 9775 9987 9992 9987 9705 9990 9987 9987 9992 9970 9988 9993 9824 9990 9867 9992 9992 9981 9990 9970 9990 9981 9987 9970 9992 9981 9988 9970 9992 9991 9851 9981 9987 9991 9988 9990 9970 9990 9970 9987 9988 9987 9987 10000 
9885 9989 9961 9803 9961 9850 9989 9987 10000 9981 9989 9986 9987 9992 9989 9987 9988 9987 9802 9979 9876 9979 9747 9988 9789 9991 9968 9987 9991 9880 9989 9991 9989 9844 9986 9987 9986 9987 9985 9979 9975 9991 9990 9992 9992 9711 9990 9979 9986 9806 9991 9991 9991 9987 9992 9685 9991 9874 9991 9990 9991 9990 9766 9961 9663 9693 10000 
9952 9977 9703 9952 9968 9851 9977 9992 9981 10000 9977 9955 9979 9963 9761 9992 9992 9979 9952 9990 9962 9879 9898 9988 9979 9991 9848 9992 9745 9952 9987 9710 9977 9746 9968 9992 9973 9979 9979 9710 9722 9857 9857 9752 9908 9979 9934 9696 9722 9814 9857 9991 9991 9979 9938 9979 9991 9851 9765 9977 9745 9904 9979 9812 9979 9979 10000 
9989 9690 9977 9989 9989 9989 9709 9987 9989 9977 10000 9987 9991 9991 9991 9991 9987 9991 9989 9987 9989 9977 9989 9987 9989 9982 9990 9991 9989 9989 9869 9977 9756 9989 9987 9991 9989 9991 9991 9977 9991 9989 9960 9991 9991 9989 9914 9977 9991 9989 9989 9982 9982 9991 9991 9989 9982 9989 9989 9843 9989 9942 9989 9991 9989 9989 10000 
9986 9987 9990 9986 9992 9990 9987 9993 9986 9955 9987 10000 9967 9989 9990 9993 9990 9967 9986 9731 9986 9656 9991 9993 9986 9992 9962 9993 9962 9986 9968 9985 9987 9990 9615 9993 9750 9967 9967 9825 9990 9962 9962 9962 9989 9986 9988 9822 9990 9990 9988 9992 9980 9967 9989 9986 9992 9990 9962 9988 9962 9988 9986 9990 9986 9986 10000 
9987 9991 9992 9987 9987 9992 9991 9915 9987 9979 9991 9967 10000 9989 9992 9867 9929 9632 9987 9989 9987 9967 9985 9987 9987 9991 9992 9775 9992 9987 9993 9992 9970 9992 9967 9804 9989 9706 9737 9967 9992 9992 9970 9992 9991 9987 9970 9967 9992 9985 9970 9991 9991 9721 9992 9987 9991 9992 9992 9970 9992 9970 9987 9992 9987 9987 10000 
9981 9991 9963 9981 9993 9992 9991 9981 9992 9963 9991 9989 9989 10000 9774 9981 9981 9989 9981 9989 9981 9975 9992 9981 9993 9964 9981 9981 9981 9981 9991 9963 9992 9980 9980 9993 9991 9989 9989 9963 9933 9992 9989 9981 9732 9981 9989 9963 9885 9991 9989 9973 9804 9989 9732 9993 9833 9992 9992 9989 9992 9989 9993 9992 9992 9993 10000 
9949 9991 9761 9951 9987 9889 9991 9981 9989 9761 9991 9990 9992 9774 10000 9981 9981 9992 9950 9990 9962 9975 9937 9981 9992 9989 9949 9981 9789 9952 9987 9793 9991 9778 9990 9992 9987 9989 9992 9823 9731 9866 9866 9789 9719 9981 9972 9815 9683 9853 9907 9989 9846 9989 9749 9989 9875 9878 9809 9991 9789 9972 9989 9851 9989 9989 10000 
9987 9991 9992 9987 9951 9988 9991 9644 9987 9992 9991 9993 9867 9981 9981 10000 9715 9870 9987 9993 9987 9993 9988 9760 9987 9991 9987 9657 9990 9987 9987 9992 9970 9988 9993 9776 9990 9819 9975 9992 9981 9990 9970 9990 9981 9987 9970 9992 9981 9988 9970 9991 9991 9803 9981 9987 9991 9988 9990 9970 9990 9970 9987 9988 9987 9987 10000 
9987 9987 9992 9987 9988 9988 9987 9715 9988 9992 9987 9990 9929 9981 9981 9715 10000 9932 9987 9990 9987 9993 9988 9832 9992 9992 9987 9719 9990 9987 9987 9992 9973 9988 9993 9838 9990 9881 9992 9992 9981 9990 9973 9990 9981 9987 9973 9992 9981 9988 9973 9992 9991 9865 9981 9988 9991 9988 9990 9973 9990 9973 9992 9988 9988 9988 10000 
9987 9991 9992 9987 9987 9992 9991 9918 9987 9979 9991 9967 9632 9989 9992 9870 9932 10000 9987 9989 9987 9967 9985 9987 9987 9991 9992 9778 9992 9987 9993 9992 9970 9992 9967 9807 9989 9709 9737 9967 9992 9992 9970 9992 9991 9987 9970 9967 9992 9985 9970 9991 9991 9724 9992 9987 9991 9992 9992 9970 9992 9970 9987 9992 9987 9987 10000 
9734 9989 9952 9653 9990 9988 9989 9987 9802 9952 9989 9986 9987 9981 9950 9987 9987 9987 10000 9968 9735 9968 9930 9987 9733 9991 9817 9987 9846 9731 9989 9952 9990 9950 9986 9987 9986 9987 9986 9952 9950 9974 9990 9870 9950 9695 9990 9952 9950 9989 9974 9991 9991 9987 9981 9734 9991 9988 9959 9990 9938 9990 9754 9990 9835 9804 10000 
9968 9987 9990 9968 9992 9990 9987 9990 9979 9990 9987 9731 9989 9989 9990 9993 9990 9989 9968 10000 9968 9731 9991 9990 9979 9985 9968 9993 9968 9968 9985 9990 9987 9990 9731 9993 9815 9989 9989 9896 9990 9989 9988 9968 9989 9968 9988 9893 9990 9990 9988 9985 9985 9989 9989 9979 9985 9990 9989 9988 9989 9988 9979 9990 9992 9979 10000 
9744 9989 9962 9735 9990 9988 9989 9987 9876 9962 9989 9986 9987 9981 9962 9987 9987 9987 9735 9968 10000 9968 9988 9987 9807 9991 9827 9987 9856 9739 9989 9962 9990 9962 9986 9987 9986 9987 9980 9962 9962 9974 9974 9880 9962 9769 9991 9962 9962 9988 9974 9991 9991 9987 9981 9808 9991 9988 9969 9991 9948 9974 9828 9990 9909 9878 10000 
9968 9977 9973 9968 9992 9990 9977 9993 9979 9879 9977 9656 9967 9975 9975 9993 9993 9967 9968 9731 9968 10000 9991 9993 9979 9991 9968 9993 9968 9968 9985 9909 9987 9990 9669 9993 9811 9967 9967 9749 9990 9989 9988 9968 9975 9968 9977 9746 9975 9990 9988 9991 9991 9967 9975 9979 9991 9990 9989 9977 9989 9988 9979 9990 9988 9979 10000 
9988 9989 9854 9931 9924 9746 9989 9988 9747 9898 9989 9991 9985 9992 9937 9988 9988 9985 9930 9991 9988 9991 10000 9988 9917 9993 9989 9988 9941 9988 9988 9969 9989 9740 9980 9988 9991 9992 9985 9980 9871 9941 9941 9941 9992 9839 9941 9991 9882 9702 9941 9993 9993 9992 9992 9813 9993 9770 9941 9990 9941 9941 9894 9854 9758 9819 10000 
9987 9987 9986 9987 9862 9988 9987 9775 9988 9988 9987 9993 9987 9981 9981 9760 9832 9987 9987 9990 9987 9993 9988 10000 9982 9992 9987 9836 9981 9987 9987 9988 9990 9988 9993 9955 9992 9988 9987 9988 9981 9981 9981 9981 9981 9987 9981 9988 9981 9988 9981 9992 9991 9982 9981 9988 9991 9988 9981 9990 9981 9981 9982 9986 9988 9988 10000 
9816 9989 9990 9734 9990 9985 9989 9987 9789 9979 9989 9986 9987 9993 9992 9987 9992 9987 9733 9979 9807 9979 9917 9982 10000 9991 9899 9987 9928 9811 9989 9979 9990 9985 9986 9987 9986 9987 9985 9979 9981 9991 9990 9952 9992 9720 9990 9979 9981 9976 9991 9991 9991 9987 9993 9721 9991 9985 9991 9990 9991 9990 9741 9987 9822 9791 10000 
9991 9982 9991 9991 9983 9993 9982 9992 9991 9991 9982 9992 9991 9964 9989 9991 9992 9991 9991 9985 9991 9991 9993 9992 9991 10000 9991 9991 9992 9991 9982 9991 9982 9986 9992 9991 9985 9991 9993 9991 9986 9992 9989 9992 9876 9991 9989 9991 9989 9993 9992 9738 9800 9991 9964 9991 9809 9993 9992 9989 9992 9989 9991 9991 9991 9991 10000 
9815 9990 9848 9818 9990 9971 9990 9987 9968 9848 9990 9962 9992 9981 9949 9987 9987 9992 9817 9968 9827 9968 9989 9987 9899 9991 10000 9987 9733 9819 9970 9848 9990 9949 9971 9987 9962 9992 9993 9848 9949 9898 9880 9757 9949 9861 9991 9848 9949 9930 9924 9991 9992 9992 9981 9900 9992 9971 9846 9991 9825 9978 9920 9960 9985 9970 10000 
9987 9991 9992 9987 9988 9988 9991 9705 9987 9992 9991 9993 9775 9981 9981 9657 9719 9778 9987 9993 9987 9993 9988 9836 9987 9991 9987 10000 9990 9987 9987 9992 9970 9988 9993 9713 9990 9727 9883 9992 9981 9990 9970 9990 9981 9987 9970 9992 9981 9988 9970 9991 9991 9711 9981 9987 9991 9988 9990 9970 9990 9970 9987 9992 9987 9987 10000 
9844 9991 9745 9847 9978 9876 9991 9990 9991 9745 9989 9962 9992 9981 9789 9990 9990 9992 9846 9968 9856 9968 9941 9981 9928 9992 9733 9990 10000 9848 9970 9815 9989 9758 9971 9987 9962 9992 9990 9848 9758 9746 9728 9688 9949 9890 9859 9848 9758 9835 9772 9992 9992 9992 9981 9929 9992 9876 9694 9918 9673 9826 9949 9857 9991 9991 10000 
9736 9989 9952 9731 9990 9988 9989 9987 9880 9952 9989 9986 9987 9981 9952 9987 9987 9987 9731 9968 9739 9968 9988 9987 9811 9991 9819 9987 9848 10000 9989 9952 9990 9952 9986 9987 9986 9987 9980 9952 9952 9974 9974 9872 9952 9773 9991 9952 9952 9988 9974 9991 9991 9987 9981 9812 9991 9988 9961 9991 9940 9974 9832 9990 9913 9882 10000 
9989 9806 9987 9989 9992 9980 9804 9987 9989 9987 9869 9968 9993 9991 9987 9987 9987 9993 9989 9985 9989 9985 9988 9987 9989 9982 9970 9987 9970 9989 10000 9987 9949 9987 9975 9993 9788 9990 9990 9987 9987 9989 9989 9989 9991 9989 9989 9987 9987 9987 9989 9982 9982 9990 9991 9989 9982 9980 9989 9989 9989 9985 9989 9980 9989 9989 10000 
9952 9977 9774 9952 9990 9922 9977 9992 9991 9710 9977 9985 9992 9963 9793 9992 9992 9992 9952 9990 9962 9909 9969 9988 9979 9991 9848 9992 9815 9952 9987 10000 9977 9817 9990 9992 9973 9992 9992 9740 9793 9927 9927 9815 9908 9979 9977 9726 9793 9885 9927 9991 9991 9992 9938 9979 9991 9922 9835 9977 9815 9974 9979 9883 9979 9979 10000 
9990 9770 9977 9990 9990 9989 9789 9970 9989 9977 9756 9987 9970 9992 9991 9970 9973 9970 9990 9987 9990 9987 9989 9990 9990 9982 9990 9970 9989 9990 9949 9977 10000 9989 9987 9970 9989 9970 9991 9977 9991 9989 9896 9991 9989 9990 9850 9977 9991 9989 9961 9982 9982 9970 9989 9990 9982 9989 9989 9779 9989 9878 9990 9991 9989 9990 10000 
9949 9989 9702 9951 9924 9698 9989 9988 9844 9746 9989 9990 9992 9980 9778 9988 9988 9992 9950 9990 9962 9990 9740 9988 9985 9986 9949 9988 9758 9952 9987 9817 9989 10000 9990 9988 9987 9992 9992 9847 9712 9835 9835 9758 9925 9936 9941 9839 9723 9656 9876 9986 9986 9992 9955 9910 9986 9711 9778 9990 9758 9941 9985 9768 9855 9916 10000 
9986 9987 9990 9986 9992 9990 9987 9993 9986 9968 9987 9615 9967 9980 9990 9993 9993 9967 9986 9731 9986 9669 9980 9993 9986 9992 9971 9993 9971 9986 9975 9990 9987 9990 10000 9993 9757 9967 9967 9838 9990 9971 9971 9971 9989 9986 9988 9835 9990 9990 9988 9992 9980 9967 9989 9986 9992 9990 9971 9988 9971 9988 9986 9990 9986 9986 10000 
9987 9991 9992 9987 9988 9988 9991 9824 9987 9992 9991 9993 9804 9993 9992 9776 9838 9807 9987 9993 9987 9993 9988 9955 9987 9991 9987 9713 9987 9987 9993 9992 9970 9988 9993 10000 9993 9756 9912 9992 9992 9992 9970 9987 9991 9987 9970 9992 9992 9988 9970 9991 9991 9740 9993 9987 9991 9988 9992 9970 9987 9970 9987 9992 9987 9987 10000 
9986 9982 9973 9986 9992 9991 9980 9990 9986 9973 9989 9750 9989 9991 9987 9990 9990 9989 9986 9815 9986 9811 9991 9992 9986 9985 9962 9990 9962 9986 9788 9973 9989 9987 9757 9993 10000 9989 9989 9980 9987 9962 9962 9962 9991 9986 9989 9977 9987 9987 9989 9985 9989 9989 9991 9986 9989 9991 9962 9989 9962 9988 9986 9973 9986 9986 10000 
9987 9991 9992 9987 9988 9992 9991 9867 9987 9979 9991 9967 9706 9989 9989 9819 9881 9709 9987 9989 9987 9967 9992 9988 9987 9991 9992 9727 9992 9987 9990 9992 9970 9992 9967 9756 9989 10000 9814 9967 9992 9992 9970 9992 9991 9987 9970 9967 9992 9992 9970 9991 9991 9673 9992 9987 9991 9992 9992 9970 9992 9970 9987 9992 9987 9987 10000 
9980 9991 9992 9986 9987 9992 9991 9992 9985 9979 9991 9967 9737 9989 9992 9975 9992 9737 9986 9989 9980 9967 9985 9987 9985 9993 9993 9883 9990 9980 9990 9992 9991 9992 9967 9912 9989 9814 10000 9967 9992 9990 9987 9990 9992 9985 9987 9967 9992 9985 9987 9993 9992 9829 9992 9985 9992 9992 9990 9987 9990 9987 9985 9992 9985 9985 10000 
9952 9977 9804 9952 9988 9952 9977 9992 9979 9710 9977 9825 9967 9963 9823 9992 9992 9967 9952 9896 9962 9749 9980 9988 9979 9991 9848 9992 9848 9952 9987 9740 9977 9847 9838 9992 9980 9967 9967 10000 9823 9960 9960 9848 9908 9968 9977 9580 9823 9915 9960 9991 9991 9967 9938 9979 9991 9952 9868 9977 9848 9982 9979 9913 9979 9979 10000 
9949 9991 9696 9951 9942 9823 9991 9981 9975 9722 9991 9990 9992 9933 9731 9981 9981 9992 9950 9990 9962 9990 9871 9981 9981 9986 9949 9981 9758 9952 9987 9793 9991 9712 9990 9992 9987 9992 9992 9823 10000 9835 9835 9758 9878 9981 9941 9815 9676 9787 9876 9989 9989 9992 9908 9989 9989 9812 9778 9990 9758 9941 9981 9786 9986 9989 10000 
9974 9991 9857 9974 9978 9876 9991 9990 9991 9857 9989 9962 9992 9992 9866 9990 9990 9992 9974 9989 9974 9989 9941 9981 9991 9992 9898 9990 9746 9974 9989 9927 9989 9835 9971 9992 9962 9992 9990 9960 9835 10000 9732 9829 9992 9985 9845 9960 9835 9835 9758 9992 9992 9992 9992 9988 9992 9876 9740 9904 9732 9812 9988 9857 9991 9991 10000 
9974 9974 9857 9990 9978 9876 9989 9970 9990 9857 9960 9962 9970 9989 9866 9970 9973 9970 9990 9988 9974 9988 9941 9981 9990 9989 9880 9970 9728 9974 9989 9927 9896 9835 9971 9970 9962 9970 9987 9960 9835 9732 10000 9811 9992 9990 9713 9960 9835 9835 9691 9992 9992 9970 9989 9990 9992 9876 9722 9772 9709 9680 9990 9857 9990 9990 10000 
9868 9991 9752 9871 9985 9876 9991 9990 9992 9752 9991 9962 9992 9981 9789 9990 9990 9992 9870 9968 9880 9968 9941 9981 9952 9992 9757 9990 9688 9872 9989 9815 9991 9758 9971 9987 9962 9992 9990 9848 9758 9829 9811 10000 9949 9914 9942 9848 9758 9835 9855 9992 9992 9992 9981 9953 9992 9876 9777 9991 9756 9909 9973 9864 9988 9988 10000 
9949 9991 9908 9951 9992 9992 9991 9981 9992 9908 9991 9989 9991 9732 9719 9981 9981 9991 9950 9989 9962 9975 9992 9981 9992 9876 9949 9981 9949 9952 9991 9908 9989 9925 9989 9991 9991 9991 9992 9908 9878 9992 9992 9949 10000 9981 9989 9908 9830 9991 9989 9885 9716 9991 9707 9992 9745 9992 9969 9989 9949 9989 9992 9983 9992 9993 10000 
9778 9989 9990 9696 9990 9942 9989 9987 9711 9979 9989 9986 9987 9981 9981 9987 9987 9987 9695 9968 9769 9968 9839 9987 9720 9991 9861 9987 9890 9773 9989 9979 9990 9936 9986 9987 9986 9987 9985 9968 9981 9985 9990 9914 9981 10000 9990 9979 9981 9898 9991 9991 9991 9987 9981 9643 9991 9966 9991 9990 9982 9990 9718 9987 9744 9713 10000 
9991 9928 9934 9990 9978 9941 9947 9970 9990 9934 9914 9988 9970 9989 9972 9970 9973 9970 9990 9988 9991 9977 9941 9981 9990 9989 9991 9970 9859 9991 9989 9977 9850 9941 9988 9970 9989 9970 9987 9977 9941 9845 9713 9942 9989 9990 10000 9977 9941 9941 9778 9989 9989 9970 9989 9990 9989 9941 9853 9726 9840 9695 9990 9934 9990 9990 10000 
9952 9977 9790 9952 9988 9944 9977 9992 9979 9696 9977 9822 9967 9963 9815 9992 9992 9967 9952 9893 9962 9746 9991 9988 9979 9991 9848 9992 9848 9952 9987 9726 9977 9839 9835 9992 9977 9967 9967 9580 9815 9960 9960 9848 9908 9979 9977 10000 9815 9907 9960 9991 9991 9967 9938 9979 9991 9944 9868 9977 9848 9982 9979 9899 9979 9979 10000 
9949 9991 9712 9951 9958 9834 9991 9981 9986 9722 9991 9990 9992 9885 9683 9981 9981 9992 9950 9990 9962 9975 9882 9981 9981 9989 9949 9981 9758 9952 9987 9793 9991 9723 9990 9992 9987 9992 9992 9823 9676 9835 9835 9758 9830 9981 9941 9815 10000 9798 9876 9989 9957 9989 9860 9989 9986 9823 9778 9990 9758 9941 9981 9802 9989 9989 10000 
9988 9989 9770 9990 9924 9698 9989 9988 9806 9814 9989 9990 9985 9991 9853 9988 9988 9985 9989 9990 9988 9990 9702 9988 9976 9993 9930 9988 9835 9988 9987 9885 9989 9656 9990 9988 9987 9992 9985 9915 9787 9835 9835 9835 9991 9898 9941 9907 9798 10000 9876 9993 9993 9992 9991 9872 9993 9711 9835 9990 9835 9941 9953 9770 9817 9878 10000 
9974 9985 9857 9974 9978 9876 9985 9970 9991 9857 9989 9988 9970 9989 9907 9970 9973 9970 9974 9988 9974 9988 9941 9981 9991 9992 9924 9970 9772 9974 9989 9927 9961 9876 9988 9970 9989 9970 9987 9960 9876 9758 9691 9855 9989 9991 9778 9960 9876 9876 10000 9992 9992 9970 9989 9988 9992 9876 9766 9837 9753 9745 9988 9857 9991 9991 10000 
9991 9982 9991 9991 9983 9993 9982 9992 9991 9991 9982 9992 9991 9973 9989 9991 9992 9991 9991 9985 9991 9991 9993 9992 9991 9738 9991 9991 9992 9991 9982 9991 9982 9986 9992 9991 9985 9991 9993 9991 9989 9992 9992 9992 9885 9991 9989 9991 9989 9993 9992 10000 9809 9991 9973 9991 9818 9993 9992 9989 9992 9989 9991 9991 9991 9991 10000 
9991 9982 9991 9991 9983 9993 9982 9991 9991 9991 9982 9980 9991 9804 9846 9991 9991 9991 9991 9985 9991 9991 9993 9991 9991 9800 9992 9991 9992 9991 9982 9991 9982 9986 9980 9991 9989 9991 9992 9991 9989 9992 9992 9992 9716 9991 9989 9991 9957 9993 9992 9809 10000 9991 9804 9991 9678 9993 9992 9989 9992 9992 9991 9991 9991 9991 10000 
9987 9991 9992 9987 9988 9992 9991 9851 9987 9979 9991 9967 9721 9989 9989 9803 9865 9724 9987 9989 9987 9967 9992 9982 9987 9991 9992 9711 9992 9987 9990 9992 9970 9992 9967 9740 9989 9673 9829 9967 9992 9992 9970 9992 9991 9987 9970 9967 9989 9992 9970 9991 9991 10000 9992 9987 9991 9992 9992 9970 9992 9970 9987 9992 9987 9987 10000 
9981 9991 9938 9981 9992 9992 9991 9981 9992 9938 9991 9989 9992 9732 9749 9981 9981 9992 9981 9989 9981 9975 9992 9981 9993 9964 9981 9981 9981 9981 9991 9938 9989 9955 9989 9993 9991 9992 9992 9938 9908 9992 9989 9981 9707 9981 9989 9938 9860 9991 9989 9973 9804 9992 10000 9993 9833 9992 9987 9989 9967 9989 9993 9992 9992 9993 10000 
9817 9989 9990 9735 9990 9916 9989 9987 9685 9979 9989 9986 9987 9993 9989 9987 9988 9987 9734 9979 9808 9979 9813 9988 9721 9991 9900 9987 9929 9812 9989 9979 9990 9910 9986 9987 9986 9987 9985 9979 9989 9988 9990 9953 9992 9643 9990 9979 9989 9872 9988 9991 9991 9987 9993 10000 9991 9940 9991 9990 9991 9990 9718 9987 9718 9693 10000 
9991 9982 9991 9991 9983 9993 9982 9991 9991 9991 9982 9992 9991 9833 9875 9991 9991 9991 9991 9985 9991 9991 9993 9991 9991 9809 9992 9991 9992 9991 9982 9991 9982 9986 9992 9991 9989 9991 9992 9991 9989 9992 9992 9992 9745 9991 9989 9991 9986 9993 9992 9818 9678 9991 9833 9991 10000 9993 9992 9989 9992 9992 9991 9991 9991 9991 10000 
9988 9989 9807 9988 9924 9722 9989 9988 9874 9851 9989 9990 9992 9992 9878 9988 9988 9992 9988 9990 9988 9990 9770 9988 9985 9993 9971 9988 9876 9988 9980 9922 9989 9711 9990 9988 9991 9992 9992 9952 9812 9876 9876 9876 9992 9966 9941 9944 9823 9711 9876 9993 9993 9992 9992 9940 9993 10000 9876 9990 9876 9941 9985 9807 9885 9946 10000 
9957 9991 9765 9960 9978 9876 9991 9990 9991 9765 9989 9962 9992 9992 9809 9990 9990 9992 9959 9989 9969 9989 9941 9981 9991 9992 9846 9990 9694 9961 9989 9835 9989 9778 9971 9992 9962 9992 9990 9868 9778 9740 9722 9777 9969 9991 9853 9868 9778 9835 9766 9992 9992 9992 9987 9991 9992 9876 10000 9912 9688 9820 9988 9857 9991 9991 10000 
9991 9857 9977 9990 9990 9990 9876 9970 9990 9977 9843 9988 9970 9989 9991 9970 9973 9970 9990 9988 9991 9977 9990 9990 9990 9989 9991 9970 9918 9991 9989 9977 9779 9990 9988 9970 9989 9970 9987 9977 9990 9904 9772 9991 9989 9990 9726 9977 9990 9990 9837 9989 9989 9970 9989 9990 9989 9990 9912 10000 9899 9754 9990 9988 9990 9990 10000 
9936 9991 9745 9939 9978 9876 9991 9990 9991 9745 9989 9962 9992 9992 9789 9990 9990 9992 9938 9989 9948 9989 9941 9981 9991 9992 9825 9990 9673 9940 9989 9815 9989 9758 9971 9987 9962 9992 9990 9848 9758 9732 9709 9756 9949 9982 9840 9848 9758 9835 9753 9992 9992 9992 9967 9991 9992 9876 9688 9899 10000 9807 9988 9857 9991 9991 10000 
9974 9956 9904 9990 9978 9941 9975 9970 9990 9904 9942 9988 9970 9989 9972 9970 9973 9970 9990 9988 9974 9988 9941 9981 9990 9989 9978 9970 9826 9974 9985 9974 9878 9941 9988 9970 9988 9970 9987 9982 9941 9812 9680 9909 9989 9990 9695 9982 9941 9941 9745 9989 9992 9970 9989 9990 9992 9941 9820 9754 9807 10000 9990 9904 9990 9990 10000 
9837 9989 9987 9755 9987 9985 9989 9987 9766 9979 9989 9986 9987 9993 9989 9987 9992 9987 9754 9979 9828 9979 9894 9982 9741 9991 9920 9987 9949 9832 9989 9979 9990 9985 9986 9987 9986 9987 9985 9979 9981 9988 9990 9973 9992 9718 9990 9979 9981 9953 9988 9991 9991 9987 9993 9718 9991 9985 9988 9990 9988 9990 10000 9987 9799 9768 10000 
9990 9991 9710 9990 9866 9807 9991 9988 9961 9812 9991 9990 9992 9992 9851 9988 9988 9992 9990 9990 9990 9990 9854 9986 9987 9991 9960 9992 9857 9990 9980 9883 9991 9768 9990 9992 9973 9992 9992 9913 9786 9857 9857 9864 9983 9987 9934 9899 9802 9770 9857 9991 9991 9992 9992 9987 9991 9807 9857 9988 9857 9904 9987 10000 9970 9987 10000 
9918 9989 9970 9836 9970 9861 9989 9987 9663 9979 9989 9986 9987 9992 9989 9987 9988 9987 9835 9992 9909 9988 9758 9988 9822 9991 9985 9987 9991 9913 9989 9979 9989 9855 9986 9987 9986 9987 9985 9979 9986 9991 9990 9988 9992 9744 9990 9979 9989 9817 9991 9991 9991 9987 9992 9718 9991 9885 9991 9990 9991 9990 9799 9970 10000 9724 10000 
9887 9989 9987 9805 9987 9922 9989 9987 9693 9979 9989 9986 9987 9993 9989 9987 9988 9987 9804 9979 9878 9979 9819 9988 9791 9991 9970 9987 9991 9882 9989 9979 9990 9916 9986 9987 9986 9987 9985 9979 9989 9991 9990 9988 9993 9713 9990 9979 9989 9878 9991 9991 9991 9987 9993 9693 9991 9946 9991 9990 9991 9990 9768 9987 9724 10000 10000 
10000 10000 10000 10000 10000 10000 10000 10000 10000 10000 10000 10000 10000 10000 10000 10000 10000 10000 10000 10000 10000 10000 10000 10000 10000 10000 10000 10000 10000 10000 10000 10000 10000 10000 10000 10000 10000 10000 10000 10000 10000 10000 10000 10000 10000 10000 10000 10000 10000 10000 10000 10000 10000 10000 10000 10000 10000 10000 10000 10000 10000 10000 10000 10000 10000 10000 10000 
